20100301 0.407
20100302 0.000
20100303 0.000
20100304 0.350
20100305 0.000
20100306 0.517
20100307 0.204
20100308 0.282
20100309 0.000
20100310 0.000
20100311 0.629
20100312 0.506
20100313 0.000
20100314 0.000
20100315 0.470
20100316 0.927
20100317 1.000
20100318 0.716
20100319 0.000
20100320 0.000
20100321 0.000
20100322 0.411
20100323 0.000
20100324 0.244
20100325 0.186
20100326 0.149
20100327 0.319
20100328 0.130
20100329 0.000
20100330 0.246
20100331 0.120
20100401 0.222
20100402 0.432
20100403 0.151
20100404 0.627
20100405 0.806
20100406 0.550
20100407 0.114
20100408 0.559
20100409 0.263
20100410 0.385
20100411 0.073
20100412 0.417
20100413 0.172
20100414 0.196
20100415 0.071
20100416 0.366
20100417 0.405
20100418 0.306
20100419 0.092
20100420 0.000
20100421 0.000
20100422 0.000
20100423 0.000
20100424 0.820
20100425 0.648
20100426 0.195
20100427 0.000
20100428 0.798
20100429 0.225
20100430 0.172
20100501 0.203
20100502 0.337
20100503 0.293
20100504 0.366
20100505 0.126
20100506 0.248
20100507 0.049
20100508 0.133
20100509 0.775
20100510 0.366
20100511 0.986
20100512 0.000
20100513 0.000
20100514 0.449
20100515 0.340
20100516 0.548
20100517 0.365
20100518 0.002
20100519 0.226
20100520 0.227
20100521 0.243
20100522 0.337
20100523 0.405
20100524 0.138
20100525 0.366
20100526 0.000
20100527 0.045
20100528 0.044
20100529 0.102
20100530 0.000
20100531 0.000
20100601 0.000
20100602 0.273
20100603 0.934
20100604 0.000
20100605 0.159
20100606 0.000
20100607 0.000
20100608 0.000
20100609 0.000
20100610 0.000
20100611 0.000
20100612 0.000
20100613 0.000
20100614 0.000
20100615 0.000
20100616 0.000
20100617 0.053
20100618 0.198
20100619 0.000
20100620 0.196
20100621 0.000
20100622 0.438
20100623 0.599
20100624 0.000
20100625 0.138
20100626 0.188
20100627 0.713
20100628 0.761
20100629 0.227
20100630 0.297
20100701 0.306
20100702 0.053
20100703 0.015
20100704 0.524
20100705 0.492
20100706 0.146
20100707 0.000
20100708 0.193
20100709 0.242
20100710 0.000
20100711 0.000
20100712 0.323
20100713 0.402
20100714 0.673
20100715 0.445
20100716 0.145
20100717 0.400
20100718 0.649
20100719 0.241
20100720 0.079
20100721 0.673
20100722 1.000
20100723 0.828
20100724 0.155
20100725 0.279
20100726 0.010
20100727 0.161
20100728 0.099
20100729 0.610
20100730 0.369
20100731 0.499
20100801 0.559
20100802 0.712
20100803 0.525
20100804 0.354
20100805 0.551
20100806 0.629
20100807 0.075
20100808 0.738
20100809 0.184
20100810 0.311
20100811 0.000
20100812 0.000
20100813 0.211
20100814 0.691
20100815 0.551
20100816 0.692
20100817 0.098
20100818 0.492
20100819 0.015
20100820 0.781
20100821 0.173
20100822 0.000
20100823 0.667
20100824 0.561
20100825 0.375
20100826 0.708
20100827 0.141
20100828 0.070
20100829 0.750
20100830 0.300
20100831 0.000
20100901 0.171
20100902 0.671
20100903 0.000
20100904 0.000
20100905 0.000
20100906 0.000
20100907 0.000
20100908 0.158
20100909 0.000
20100910 0.107
20100911 0.000
20100912 0.000
20100913 0.034
20100914 0.053
20100915 0.000
20100916 0.531
20100917 0.059
20100918 0.000
20100919 0.000
20100920 0.000
20100921 0.000
20100922 0.293
20100923 0.450
20100924 0.378
20100925 0.238
20100926 0.515
20100927 0.410
20100928 0.363
20100929 0.120
20100930 0.136
20101001 0.164
20101002 0.251
20101003 0.329
20101004 0.164
20101005 0.378
20101006 0.108
20101007 0.264
20101008 0.280
20101009 0.787
20101010 0.426
20101011 0.109
20101012 0.355
20101013 0.000
20101014 0.492
20101015 0.234
20101016 0.135
20101017 0.393
20101018 0.062
20101019 0.000
20101020 0.000
20101021 0.351
20101022 1.000
20101023 0.113
20101024 0.424
20101025 0.467
20101026 0.400
20101027 0.000
20101028 0.582
20101029 0.258
20101030 0.119
20101031 0.201
20101101 0.000
20101102 0.000
20101103 0.028
20101104 0.082
20101105 0.028
20101106 0.123
20101107 0.000
20101108 0.341
20101109 0.414
20101110 0.525
20101111 0.242
20101112 0.817
20101113 0.397
20101114 0.793
20101115 0.473
20101116 0.265
20101117 0.223
20101118 0.000
20101119 0.000
20101120 0.040
20101121 0.338
20101122 0.419
20101123 0.329
20101124 0.460
20101125 0.432
20101126 0.539
20101127 0.347
20101128 0.637
20101129 0.174
20101130 0.680
20101201 0.322
20101202 0.626
20101203 0.758
20101204 0.275
20101205 0.298
20101206 0.617
20101207 0.865
20101208 0.337
20101209 0.000
20101210 0.000
20101211 0.000
20101212 0.000
20101213 0.000
20101214 0.000
20101215 0.000
20101216 0.000
20101217 0.000
20101218 0.000
20101219 0.000
20101220 0.000
20101221 0.000
20101222 0.000
20101223 0.000
20101224 0.000
20101225 0.000
20101226 0.000
20101227 0.000
20101228 0.000
20101229 0.000
20101230 0.000
20101231 0.000
20110101 0.000
20110102 0.000
20110103 0.000
20110104 0.000
20110105 0.000
20110106 0.000
20110107 0.000
20110108 0.000
20110109 0.000
20110110 0.000
20110111 0.000
20110112 0.000
20110113 0.000
20110114 0.000
20110115 0.000
20110116 0.000
20110117 0.000
20110118 0.000
20110119 0.000
20110120 0.000
20110121 0.000
20110122 0.000
20110123 0.000
20110124 0.000
20110125 0.000
20110126 0.000
20110127 0.000
20110128 0.000
20110129 0.000
20110130 0.000
20110131 0.000
20110201 0.000
20110202 0.000
20110203 0.000
20110204 0.000
20110205 0.000
20110206 0.000
20110207 0.000
20110208 0.000
20110209 0.000
20110210 0.000
20110211 0.000
20110212 0.000
20110213 0.000
20110214 0.072
20110215 1.000
20110216 1.000
20110217 1.000
20110218 0.815
20110219 0.817
20110220 0.000
20110221 0.034
20110222 0.000
20110223 0.000
20110224 0.000
20110225 0.023
20110226 0.000
20110227 0.000
20110228 0.000
20110301 0.000
20110302 0.176
20110303 0.210
20110304 0.014
20110305 0.000
20110306 0.000
20110307 0.105
20110308 0.000
20110309 0.255
20110310 0.000
20110311 0.000
20110312 0.000
20110313 0.246
20110314 0.283
20110315 0.095
20110316 0.261
20110317 0.002
20110318 0.303
20110319 0.631
20110320 0.786
20110321 0.627
20110322 0.378
20110323 0.709
20110324 0.548
20110325 0.217
20110326 0.235
20110327 0.821
20110328 0.420
20110329 0.304
20110330 0.334
20110331 0.331
20110401 0.522
20110402 0.000
20110403 0.000
20110404 0.000
20110405 0.000
20110406 0.000
20110407 0.502
20110408 0.967
20110409 0.000
20110410 0.000
20110411 0.014
20110412 0.182
20110413 0.065
20110414 0.168
20110415 0.637
20110416 0.491
20110417 0.827
20110418 0.508
20110419 0.696
20110420 0.195
20110421 0.701
20110422 0.703
20110423 0.796
20110424 0.619
20110425 0.766
20110426 0.603
20110427 0.585
20110428 0.628
20110429 0.692
20110430 0.611
20110501 0.596
20110502 0.720
20110503 0.725
20110504 0.412
20110505 0.000
20110506 0.000
20110507 0.000
20110508 0.000
20110509 0.000
20110510 0.000
20110511 0.225
20110512 1.000
20110513 0.298
20110514 0.655
20110515 0.645
20110516 0.378
20110517 0.178
20110518 0.107
20110519 0.097
20110520 0.790
20110521 0.633
20110522 0.514
20110523 0.603
20110524 0.612
20110525 0.680
20110526 0.990
20110527 0.266
20110528 0.724
20110529 0.558
20110530 0.499
20110531 0.280
20110601 0.317
20110602 0.655
20110603 0.472
20110604 0.571
20110605 0.701
20110606 0.466
20110607 0.763
20110608 0.459
20110609 0.616
20110610 0.275
20110611 0.782
20110612 0.852
20110613 0.633
20110614 0.728
20110615 0.471
20110616 0.431
20110617 0.514
20110618 0.472
20110619 0.890
20110620 0.848
20110621 0.746
20110622 0.217
20110623 0.400
20110624 0.313
20110625 0.803
20110626 0.445
20110627 0.840
20110628 0.687
20110629 0.000
20110630 0.000
20110701 0.000
20110702 0.000
20110703 0.000
20110704 0.000
20110705 0.000
20110706 0.195
20110707 0.421
20110708 0.581
20110709 0.592
20110710 0.065
20110711 0.353
20110712 0.273
20110713 0.073
20110714 0.111
20110715 0.176
20110716 0.248
20110717 0.545
20110718 0.351
20110719 0.871
20110720 0.563
20110721 0.731
20110722 0.617
20110723 0.591
20110724 0.514
20110725 0.414
20110726 0.693
20110727 0.407
20110728 0.401
20110729 0.743
20110730 0.560
20110731 0.623
20110801 0.958
20110802 0.650
20110803 0.912
20110804 0.672
20110805 0.776
20110806 0.861
20110807 0.514
20110808 0.752
20110809 0.827
20110810 0.320
20110811 0.739
20110812 0.474
20110813 0.956
20110814 1.000
20110815 0.999
20110816 0.685
20110817 0.561
20110818 0.482
20110819 0.845
20110820 1.000
20110821 0.382
20110822 0.843
20110823 0.000
20110824 0.000
20110825 0.000
20110826 0.000
20110827 0.000
20110828 0.000
20110829 0.586
20110830 0.451
20110831 1.000
20110901 0.950
20110902 0.885
20110903 0.000
20110904 0.000
20110905 0.000
20110906 0.000
20110907 0.247
20110908 0.709
20110909 0.490
20110910 0.717
20110911 0.557
20110912 0.324
20110913 0.721
20110914 0.891
20110915 0.284
20110916 0.420
20110917 0.878
20110918 0.618
20110919 0.615
20110920 0.513
20110921 0.546
20110922 0.572
20110923 0.360
20110924 0.625
20110925 0.557
20110926 0.739
20110927 0.472
20110928 0.423
20110929 0.696
20110930 0.356
20111001 0.368
20111002 0.861
20111003 0.714
20111004 0.645
20111005 0.915
20111006 0.572
20111007 0.223
20111008 0.673
20111009 0.624
20111010 0.442
20111011 0.987
20111012 0.627
20111013 0.638
20111014 0.211
20111015 0.614
20111016 0.675
20111017 0.572
20111018 0.108
20111019 0.000
20111020 0.000
20111021 0.547
20111022 0.573
20111023 0.721
20111024 0.246
20111025 0.263
20111026 0.255
20111027 0.363
20111028 0.446
20111029 0.552
20111030 0.428
20111031 0.000
20111101 0.182
20111102 0.260
20111103 0.279
20111104 0.768
20111105 0.000
20111106 0.026
20111107 0.338
20111108 0.000
20111109 0.266
20111110 0.976
20111111 0.982
20111112 0.204
20111113 0.380
20111114 0.456
20111115 0.528
20111116 0.421
20111117 0.643
20111118 0.530
20111119 0.540
20111120 0.566
20111121 0.440
20111122 0.422
20111123 0.286
20111124 0.454
20111125 0.294
20111126 0.262
20111127 0.595
20111128 0.365
20111129 1.000
20111130 1.000
20111201 0.536
20111202 0.435
20111203 0.607
20111204 0.603
20111205 0.341
20111206 0.315
20111207 0.305
20111208 0.440
20111209 0.000
20111210 0.000
20111211 0.000
20111212 0.000
20111213 0.000
20111214 0.000
20111215 0.000
20111216 0.000
20111217 0.000
20111218 0.000
20111219 0.000
20111220 0.000
20111221 0.000
20111222 0.000
20111223 0.000
20111224 0.000
20111225 0.000
20111226 0.000
20111227 0.000
20111228 0.000
20111229 0.000
20111230 0.000
20111231 0.000
20120101 0.000
20120102 0.000
20120103 0.000
20120104 0.000
20120105 0.000
20120106 0.000
20120107 0.000
20120108 0.000
20120109 0.000
20120110 0.000
20120111 0.000
20120112 0.000
20120113 0.000
20120114 0.000
20120115 0.000
20120116 0.000
20120117 0.000
20120118 0.000
20120119 0.000
20120120 0.000
20120121 0.000
20120122 0.000
20120123 0.000
20120124 0.000
20120125 0.000
20120126 0.000
20120127 0.000
20120128 0.000
20120129 0.000
20120130 0.000
20120131 0.000
20120201 0.000
20120202 0.000
20120203 0.000
20120204 0.000
20120205 0.000
20120206 0.000
20120207 0.000
20120208 0.000
20120209 0.077
20120210 0.112
20120211 0.000
20120212 0.000
20120213 0.332
20120214 0.808
20120215 0.565
20120216 0.943
20120217 0.444
20120218 0.000
20120219 0.000
20120220 0.577
20120221 1.000
20120222 1.000
20120223 1.000
20120224 0.548
20120225 0.000
20120226 0.000
20120227 0.630
20120228 1.000
20120229 0.779
20120301 0.000
20120302 0.000
20120303 0.000
20120304 0.000
20120305 0.000
20120306 0.401
20120307 0.766
20120308 0.376
20120309 0.542
20120310 0.473
20120311 0.770
20120312 0.545
20120313 0.211
20120314 0.406
20120315 0.000
20120316 0.000
20120317 0.000
20120318 0.000
20120319 0.000
20120320 0.000
20120321 0.000
20120322 0.000
20120323 0.142
20120324 0.245
20120325 0.000
20120326 0.197
20120327 0.000
20120328 0.000
20120329 0.000
20120330 0.000
20120331 0.000
20120401 0.000
20120402 0.206
20120403 0.000
20120404 0.052
20120405 0.503
20120406 0.190
20120407 0.250
20120408 0.669
20120409 0.488
20120410 0.497
20120411 0.606
20120412 0.411
20120413 0.551
20120414 0.776
20120415 0.451
20120416 0.329
20120417 0.434
20120418 0.304
20120419 0.520
20120420 0.422
20120421 0.006
20120422 0.000
20120423 0.000
20120424 0.000
20120425 0.000
20120426 0.305
20120427 0.778
20120428 0.620
20120429 0.614
20120430 0.000
20120501 0.471
20120502 0.486
20120503 0.500
20120504 0.996
20120505 0.973
20120506 0.582
20120507 0.323
20120508 0.497
20120509 0.921
20120510 0.290
20120511 0.351
20120512 0.747
20120513 0.710
20120514 0.522
20120515 0.681
20120516 0.563
20120517 0.432
20120518 0.419
20120519 0.685
20120520 0.767
20120521 0.820
20120522 0.649
20120523 0.549
20120524 0.355
20120525 0.529
20120526 0.669
20120527 0.965
20120528 0.628
20120529 0.664
20120530 0.246
20120531 0.552
20120601 0.466
20120602 0.913
20120603 0.615
20120604 0.458
20120605 0.682
20120606 0.400
20120607 0.648
20120608 0.620
20120609 0.566
20120610 0.900
20120611 0.472
20120612 0.486
20120613 0.833
20120614 0.400
20120615 0.653
20120616 0.872
20120617 0.890
20120618 0.388
20120619 0.000
20120620 0.000
20120621 0.000
20120622 0.000
20120623 0.000
20120624 0.000
20120625 0.608
20120626 0.794
20120627 0.645
20120628 0.962
20120629 1.000
20120630 0.269
20120701 0.000
20120702 0.478
20120703 0.288
20120704 0.637
20120705 0.536
20120706 0.533
20120707 0.338
20120708 0.547
20120709 0.391
20120710 0.028
20120711 0.000
20120712 0.374
20120713 0.595
20120714 0.635
20120715 0.554
20120716 0.431
20120717 0.626
20120718 0.898
20120719 0.770
20120720 0.633
20120721 0.139
20120722 0.779
20120723 0.843
20120724 0.703
20120725 0.379
20120726 0.565
20120727 0.529
20120728 0.736
20120729 0.623
20120730 0.755
20120731 0.495
20120801 0.537
20120802 0.538
20120803 0.718
20120804 0.531
20120805 0.858
20120806 0.236
20120807 0.178
20120808 0.633
20120809 0.567
20120810 0.439
20120811 0.033
20120812 0.011
20120813 0.403
20120814 0.025
20120815 0.241
20120816 0.473
20120817 0.588
20120818 0.892
20120819 0.358
20120820 0.242
20120821 0.542
20120822 0.442
20120823 0.383
20120824 0.710
20120825 0.865
20120826 0.599
20120827 0.711
20120828 0.726
20120829 0.775
20120830 0.575
20120831 0.747
20120901 0.871
20120902 0.761
20120903 0.515
20120904 0.573
20120905 0.668
20120906 0.638
20120907 0.529
20120908 0.585
20120909 0.813
20120910 0.503
20120911 0.924
20120912 0.636
20120913 0.305
20120914 0.171
20120915 0.175
20120916 0.555
20120917 0.871
20120918 0.000
20120919 0.000
20120920 0.272
20120921 0.940
20120922 1.000
20120923 1.000
20120924 0.230
20120925 0.381
20120926 0.228
20120927 0.338
20120928 0.415
20120929 0.623
20120930 0.673
20121001 0.260
20121002 0.540
20121003 0.400
20121004 0.287
20121005 0.692
20121006 0.809
20121007 0.618
20121008 0.347
20121009 0.000
20121010 0.000
20121011 0.011
20121012 0.118
20121013 0.026
20121014 0.272
20121015 0.593
20121016 0.346
20121017 0.703
20121018 0.395
20121019 0.587
20121020 0.581
20121021 0.684
20121022 0.705
20121023 0.502
20121024 0.342
20121025 0.093
20121026 0.520
20121027 0.638
20121028 0.719
20121029 0.814
20121030 0.560
20121031 0.477
20121101 0.864
20121102 0.450
20121103 0.855
20121104 0.176
20121105 0.714
20121106 0.987
20121107 0.667
20121108 0.439
20121109 0.823
20121110 0.611
20121111 0.700
20121112 0.266
20121113 0.419
20121114 0.633
20121115 0.686
20121116 0.347
20121117 0.807
20121118 0.770
20121119 0.672
20121120 0.396
20121121 0.841
20121122 0.221
20121123 0.151
20121124 0.686
20121125 0.752
20121126 0.251
20121127 0.000
20121128 0.000
20121129 0.172
20121130 0.624
20121201 0.510
20121202 0.538
20121203 0.586
20121204 0.458
20121205 0.697
20121206 0.300
20121207 0.000
20121208 0.000
20121209 0.000
20121210 0.000
20121211 0.000
20121212 0.000
20121213 0.000
20121214 0.000
20121215 0.158
20121216 0.296
20121217 0.608
20121218 0.639
20121219 0.000
20121220 0.000
20121221 0.000
20121222 0.000
20121223 0.000
20121224 0.000
20121225 0.000
20121226 0.000
20121227 0.000
20121228 0.000
20121229 0.000
20121230 0.000
20121231 0.000
20130101 0.000
20130102 0.000
20130103 0.000
20130104 0.000
20130105 0.000
20130106 0.000
20130107 0.551
20130108 1.000
20130109 1.000
20130110 1.000
20130111 0.258
20130112 0.000
20130113 0.000
20130114 0.021
20130115 0.625
20130116 0.858
20130117 0.290
20130118 0.000
20130119 0.037
20130120 0.099
20130121 0.410
20130122 0.786
20130123 0.393
20130124 0.473
20130125 0.509
20130126 0.586
20130127 0.509
20130128 0.140
20130129 0.581
20130130 0.450
20130131 0.689
20130201 0.283
20130202 0.079
20130203 0.323
20130204 0.467
20130205 0.374
20130206 0.530
20130207 0.556
20130208 0.713
20130209 0.646
20130210 0.247
20130211 0.070
20130212 0.653
20130213 0.665
20130214 0.204
20130215 0.000
20130216 0.567
20130217 1.000
20130218 0.666
20130219 0.000
20130220 0.000
20130221 0.000
20130222 0.000
20130223 0.000
20130224 0.000
20130225 0.000
20130226 0.000
20130227 0.000
20130228 0.000
20130301 0.000
20130302 0.000
20130303 0.000
20130304 0.000
20130305 0.000
20130306 0.000
20130307 0.000
20130308 0.000
20130309 0.000
20130310 0.000
20130311 0.000
20130312 0.000
20130313 0.000
20130314 0.000
20130315 0.000
20130316 0.000
20130317 0.000
20130318 0.000
20130319 0.000
20130320 0.000
20130321 0.000
20130322 0.000
20130323 0.000
20130324 0.000
20130325 0.000
20130326 0.000
20130327 0.000
20130328 0.000
20130329 0.000
20130330 0.000
20130331 0.000
20130401 0.000
20130402 0.000
20130403 0.000
20130404 0.000
20130405 0.000
20130406 0.000
20130407 0.000
20130408 0.000
20130409 0.000
20130410 0.000
20130411 0.000
20130412 0.000
20130413 0.000
20130414 0.000
20130415 0.000
20130416 0.000
20130417 0.000
20130418 0.000
20130419 0.000
20130420 0.000
20130421 0.000
20130422 0.000
20130423 0.000
20130424 0.000
20130425 0.000
20130426 0.000
20130427 0.000
20130428 0.000
20130429 0.000
20130430 0.000
20130501 0.000
20130502 0.000
20130503 0.000
20130504 0.000
20130505 0.000
20130506 0.000
20130507 0.000
20130508 0.000
20130509 0.000
20130510 0.000
20130511 0.000
20130512 0.000
20130513 0.000
20130514 0.000
20130515 0.000
20130516 0.000
20130517 0.000
20130518 0.000
20130519 0.000
20130520 0.000
20130521 0.000
20130522 0.000
20130523 0.000
20130524 0.000
20130525 0.000
20130526 0.000
20130527 0.000
20130528 0.000
20130529 0.000
20130530 0.000
20130531 0.000
20130601 0.000
20130602 0.000
20130603 0.000
20130604 0.000
20130605 0.000
20130606 0.000
20130607 0.000
20130608 0.000
20130609 0.000
20130610 0.000
20130611 0.000
20130612 0.000
20130613 0.000
20130614 0.000
20130615 0.000
20130616 0.000
20130617 0.000
20130618 0.000
20130619 0.000
20130620 0.000
20130621 0.000
20130622 0.000
20130623 0.000
20130624 0.000
20130625 0.000
20130626 0.000
20130627 0.000
20130628 0.000
20130629 0.000
20130630 0.000
20130701 0.000
20130702 0.000
20130703 0.000
20130704 0.000
20130705 0.000
20130706 0.000
20130707 0.000
20130708 0.000
20130709 0.000
20130710 0.000
20130711 0.000
20130712 0.000
20130713 0.000
20130714 0.000
20130715 0.000
20130716 0.000
20130717 0.000
20130718 0.000
20130719 0.000
20130720 0.000
20130721 0.000
20130722 0.000
20130723 0.000
20130724 0.000
20130725 0.000
20130726 0.000
20130727 0.000
20130728 0.000
20130729 0.000
20130730 0.000
20130731 0.000
20130801 0.000
20130802 0.000
20130803 0.000
20130804 0.000
20130805 0.000
20130806 0.000
20130807 0.000
20130808 0.000
20130809 0.000
20130810 0.000
20130811 0.000
20130812 0.000
20130813 0.000
20130814 0.000
20130815 0.000
20130816 0.000
20130817 0.000
20130818 0.000
20130819 0.000
20130820 0.000
20130821 0.000
20130822 0.000
20130823 0.000
20130824 0.000
20130825 0.000
20130826 0.000
20130827 0.000
20130828 0.000
20130829 0.000
20130830 0.000
20130831 0.000
20130901 0.000
20130902 0.000
20130903 0.000
20130904 0.000
20130905 0.000
20130906 0.000
20130907 0.000
20130908 0.000
20130909 0.000
20130910 0.000
20130911 0.000
20130912 0.000
20130913 0.000
20130914 0.000
20130915 0.000
20130916 0.000
20130917 0.000
20130918 0.000
20130919 0.000
20130920 0.000
20130921 0.000
20130922 0.000
20130923 0.000
20130924 0.000
20130925 0.000
20130926 0.000
20130927 0.000
20130928 0.000
20130929 0.000
20130930 0.000
20131001 0.000
20131002 0.000
20131003 0.000
20131004 0.000
20131005 0.000
20131006 0.000
20131007 0.000
20131008 0.000
20131009 0.000
20131010 0.000
20131011 0.000
20131012 0.000
20131013 0.000
20131014 0.074
20131015 0.598
20131016 0.456
20131017 0.000
20131018 0.536
20131019 0.000
20131020 0.000
20131021 0.196
20131022 0.054
20131023 0.997
20131024 0.806
20131025 1.000
20131026 1.000
20131027 1.000
20131028 0.377
20131029 0.000
20131030 0.000
20131031 0.178
20131101 1.000
20131102 0.349
20131103 0.000
20131104 0.346
20131105 1.000
20131106 0.990
20131107 0.985
20131108 0.791
20131109 0.000
20131110 0.000
20131111 0.000
20131112 0.000
20131113 0.000
20131114 0.000
20131115 0.000
20131116 0.000
20131117 0.000
20131118 0.000
20131119 0.000
20131120 0.000
20131121 0.000
20131122 0.000
20131123 0.000
20131124 0.000
20131125 0.000
20131126 0.000
20131127 0.000
20131128 0.000
20131129 0.000
20131130 0.000
20131201 0.000
20131202 0.000
20131203 0.000
20131204 0.000
20131205 0.000
20131206 0.000
20131207 0.000
20131208 0.000
20131209 0.000
20131210 0.000
20131211 0.000
20131212 0.000
20131213 0.000
20131214 0.000
20131215 0.000
20131216 0.000
20131217 0.000
20131218 0.000
20131219 0.000
20131220 0.000
20131221 0.000
20131222 0.000
20131223 0.000
20131224 0.000
20131225 0.000
20131226 0.000
20131227 0.000
20131228 0.000
20131229 0.000
20131230 0.000
20131231 0.000
20140101 0.000
20140102 0.000
20140103 0.000
20140104 0.000
20140105 0.000
20140106 0.000
20140107 0.000
20140108 0.000
20140109 0.000
20140110 0.000
20140111 0.000
20140112 0.000
20140113 0.000
20140114 0.388
20140115 0.753
20140116 0.000
20140117 0.000
20140118 0.000
20140119 0.000
20140120 0.000
20140121 0.000
20140122 0.000
20140123 0.000
20140124 0.000
20140125 0.000
20140126 0.000
20140127 0.000
20140128 0.000
20140129 0.000
20140130 0.000
20140131 0.000
20140201 0.000
20140202 0.000
20140203 0.000
20140204 0.000
20140205 0.261
20140206 0.543
20140207 0.264
20140208 0.000
20140209 0.000
20140210 0.000
20140211 0.035
20140212 0.410
20140213 1.000
20140214 1.000
20140215 1.000
20140216 1.000
20140217 0.530
20140218 0.550
20140219 0.859
20140220 0.514
20140221 0.580
20140222 0.748
20140223 0.000
20140224 0.000
20140225 0.000
20140226 0.000
20140227 0.000
20140228 0.000
20140301 0.000
20140302 0.000
20140303 0.000
20140304 0.000
20140305 0.378
20140306 1.000
20140307 1.000
20140308 1.000
20140309 1.000
20140310 1.000
20140311 1.000
20140312 0.984
20140313 1.000
20140314 1.000
20140315 1.000
20140316 1.000
20140317 1.000
20140318 1.000
20140319 0.809
20140320 1.000
20140321 1.000
20140322 0.422
20140323 0.000
20140324 0.576
20140325 1.000
20140326 1.000
20140327 1.000
20140328 1.000
20140329 1.000
20140330 1.000
20140331 1.000
20140401 1.000
20140402 0.687
20140403 0.000
20140404 0.000
20140405 0.000
20140406 0.000
20140407 0.297
20140408 1.000
20140409 0.785
20140410 1.000
20140411 1.000
20140412 1.000
20140413 1.000
20140414 1.000
20140415 0.322
20140416 1.000
20140417 0.742
20140418 0.000
20140419 0.000
20140420 0.000
20140421 0.000
20140422 0.000
20140423 0.000
20140424 0.000
20140425 0.000
20140426 0.000
20140427 0.000
20140428 0.000
20140429 0.000
20140430 0.000
20140501 0.000
20140502 0.000
20140503 0.000
20140504 0.000
20140505 0.000
20140506 0.000
20140507 0.000
20140508 0.000
20140509 0.000
20140510 0.000
20140511 0.000
20140512 0.000
20140513 0.000
20140514 0.000
20140515 0.000
20140516 0.000
20140517 0.000
20140518 0.000
20140519 0.000
20140520 0.000
20140521 0.000
20140522 0.000
20140523 0.000
20140524 0.000
20140525 0.000
20140526 0.000
20140527 0.000
20140528 0.000
20140529 0.000
20140530 0.000
20140531 0.000
20140601 0.000
20140602 0.000
20140603 0.000
20140604 0.000
20140605 0.000
20140606 0.000
20140607 0.000
20140608 0.000
20140609 0.000
20140610 0.000
20140611 0.000
20140612 0.000
20140613 0.000
20140614 0.000
20140615 0.000
20140616 0.000
20140617 0.000
20140618 0.000
20140619 0.000
20140620 0.000
20140621 0.000
20140622 0.000
20140623 0.000
20140624 0.000
20140625 0.000
20140626 0.000
20140627 0.000
20140628 0.000
20140629 0.000
20140630 0.000
20140701 0.000
20140702 0.000
20140703 0.000
20140704 0.000
20140705 0.000
20140706 0.000
20140707 0.000
20140708 0.000
20140709 0.000
20140710 0.000
20140711 0.000
20140712 0.000
20140713 0.000
20140714 0.524
20140715 0.597
20140716 0.257
20140717 1.000
20140718 0.951
20140719 1.000
20140720 1.000
20140721 0.988
20140722 0.632
20140723 0.996
20140724 0.654
20140725 0.487
20140726 1.000
20140727 1.000
20140728 0.999
20140729 0.827
20140730 0.500
20140731 0.500
20140801 0.500
20140802 0.500
20140803 0.500
20140804 0.500
20140805 0.222
20140806 0.000
20140807 0.000
20140808 0.000
20140809 0.000
20140810 0.000
20140811 0.000
20140812 0.000
20140813 0.000
20140814 0.000
20140815 0.000
20140816 0.000
20140817 0.000
20140818 0.000
20140819 0.000
20140820 0.000
20140821 0.000
20140822 0.000
20140823 0.000
20140824 0.000
20140825 0.000
20140826 0.000
20140827 0.297
20140828 1.000
20140829 1.000
20140830 1.000
20140831 0.532
20140901 0.000
20140902 0.000
20140903 0.000
20140904 0.000
20140905 0.000
20140906 0.000
20140907 0.000
20140908 0.000
20140909 0.000
20140910 0.000
20140911 0.000
20140912 0.000
20140913 0.000
20140914 0.000
20140915 0.000
20140916 0.000
20140917 0.000
20140918 0.000
20140919 0.000
20140920 0.000
20140921 0.000
20140922 0.000
20140923 0.000
20140924 0.000
20140925 0.488
20140926 1.000
20140927 1.000
20140928 1.000
20140929 1.000
20140930 0.887
20141001 0.000
20141002 0.000
20141003 0.000
20141004 0.000
20141005 0.000
20141006 0.000
20141007 0.000
20141008 0.000
20141009 0.000
20141010 0.000
20141011 0.000
20141012 0.000
20141013 0.000
20141014 0.473
20141015 0.490
20141016 0.476
20141017 0.000
20141018 0.000
20141019 0.000
20141020 0.491
20141021 1.000
20141022 1.000
20141023 1.000
20141024 1.000
20141025 1.000
20141026 1.000
20141027 1.000
20141028 1.000
20141029 1.000
20141030 1.000
20141031 1.000
20141101 1.000
20141102 1.000
20141103 1.000
20141104 1.000
20141105 1.000
20141106 1.000
20141107 1.000
20141108 1.000
20141109 1.000
20141110 1.000
20141111 1.000
20141112 1.000
20141113 1.000
20141114 1.000
20141115 1.000
20141116 1.000
20141117 1.000
20141118 1.000
20141119 1.000
20141120 0.796
20141121 1.000
20141122 1.000
20141123 1.000
20141124 0.371
20141125 0.000
20141126 0.000
20141127 0.000
20141128 0.000
20141129 0.000
20141130 0.000
20141201 0.000
20141202 0.000
20141203 0.000
20141204 0.000
20141205 0.000
20141206 0.000
20141207 0.000
20141208 0.000
20141209 0.000
20141210 0.000
20141211 0.000
20141212 0.000
20141213 0.000
20141214 0.000
20141215 0.000
20141216 0.000
20141217 0.000
20141218 0.000
20141219 0.000
20141220 0.000
20141221 0.000
20141222 0.000
20141223 0.000
20141224 0.000
20141225 0.000
20141226 0.000
20141227 0.000
20141228 0.000
20141229 0.000
20141230 0.000
20141231 0.000
20150101 0.000
20150102 0.000
20150103 0.000
20150104 0.000
20150105 0.255
20150106 0.671
20150107 0.333
20150108 1.000
20150109 1.000
20150110 1.000
20150111 0.836
20150112 0.000
20150113 0.596
20150114 1.000
20150115 1.000
20150116 1.000
20150117 1.000
20150118 0.698
20150119 0.000
20150120 0.000
20150121 0.000
20150122 0.000
20150123 0.000
20150124 0.000
20150125 0.000
20150126 0.000
20150127 0.000
20150128 0.000
20150129 0.000
20150130 0.475
20150131 1.000
20150201 1.000
20150202 1.000
20150203 0.996
20150204 1.000
20150205 1.000
20150206 0.889
20150207 0.000
20150208 0.000
20150209 0.000
20150210 0.311
20150211 1.000
20150212 1.000
20150213 1.000
20150214 1.000
20150215 1.000
20150216 1.000
20150217 1.000
20150218 0.393
20150219 0.497
20150220 1.000
20150221 1.000
20150222 1.000
20150223 1.000
20150224 1.000
20150225 1.000
20150226 1.000
20150227 1.000
20150228 1.000
20150301 1.000
20150302 1.000
20150303 0.963
20150304 1.000
20150305 1.000
20150306 1.000
20150307 1.000
20150308 1.000
20150309 1.000
20150310 1.000
20150311 1.000
20150312 0.966
20150313 1.000
20150314 1.000
20150315 1.000
20150316 1.000
20150317 0.590
20150318 1.000
20150319 1.000
20150320 1.000
20150321 1.000
20150322 1.000
20150323 1.000
20150324 1.000
20150325 1.000
20150326 1.000
20150327 1.000
20150328 1.000
20150329 1.000
20150330 1.000
20150331 1.000
20150401 1.000
20150402 1.000
20150403 1.000
20150404 0.622
20150405 0.000
20150406 0.000
20150407 0.000
20150408 0.000
20150409 0.000
20150410 0.000
20150411 0.000
20150412 0.000
20150413 0.000
20150414 0.000
20150415 0.000
20150416 0.000
20150417 0.000
20150418 0.000
20150419 0.000
20150420 0.000
20150421 0.000
20150422 0.000
20150423 0.000
20150424 0.000
20150425 0.000
20150426 0.000
20150427 0.000
20150428 0.327
20150429 0.000
20150430 0.000
20150501 0.000
20150502 0.000
20150503 0.000
20150504 0.233
20150505 0.282
20150506 0.726
20150507 0.072
20150508 0.000
20150509 0.000
20150510 0.000
20150511 0.000
20150512 0.000
20150513 0.000
20150514 0.000
20150515 0.000
20150516 0.000
20150517 0.000
20150518 0.000
20150519 0.000
20150520 0.135
20150521 0.120
20150522 0.000
20150523 0.000
20150524 0.000
20150525 0.000
20150526 0.066
20150527 0.000
20150528 0.027
20150529 0.000
20150530 0.018
20150531 0.109
20150601 0.359
20150602 0.000
20150603 0.302
20150604 0.038
20150605 0.238
20150606 0.702
20150607 0.491
20150608 0.174
20150609 0.000
20150610 0.359
20150611 0.456
20150612 0.251
20150613 0.700
20150614 0.624
20150615 0.000
20150616 0.000
20150617 0.000
20150618 0.000
20150619 0.451
20150620 1.000
20150621 0.914
20150622 0.811
20150623 0.000
20150624 0.000
20150625 0.000
20150626 0.000
20150627 0.000
20150628 0.000
20150629 0.000
20150630 0.212
20150701 0.125
20150702 0.000
20150703 0.000
20150704 0.000
20150705 0.535
20150706 0.114
20150707 0.157
20150708 0.763
20150709 0.825
20150710 0.757
20150711 0.649
20150712 0.676
20150713 0.692
20150714 0.570
20150715 0.338
20150716 0.847
20150717 1.000
20150718 0.816
20150719 0.556
20150720 0.415
20150721 0.000
20150722 0.000
20150723 0.032
20150724 0.000
20150725 0.000
20150726 0.000
20150727 0.000
20150728 0.259
20150729 0.000
20150730 0.000
20150731 0.000
20150801 0.000
20150802 0.000
20150803 0.000
20150804 0.000
20150805 0.000
20150806 0.113
20150807 0.046
20150808 0.062
20150809 0.255
20150810 0.000
20150811 0.053
20150812 0.790
20150813 0.464
20150814 0.787
20150815 0.699
20150816 0.510
20150817 0.652
20150818 0.559
20150819 0.522
20150820 0.339
20150821 0.326
20150822 0.714
20150823 0.690
20150824 0.400
20150825 0.675
20150826 0.357
20150827 0.000
20150828 0.000
20150829 0.000
20150830 0.000
20150831 0.170
20150901 0.000
20150902 0.000
20150903 0.303
20150904 0.973
20150905 0.575
20150906 0.112
20150907 0.342
20150908 0.339
20150909 0.292
20150910 0.592
20150911 0.623
20150912 0.362
20150913 0.313
20150914 0.712
20150915 0.213
20150916 0.122
20150917 0.628
20150918 0.620
20150919 0.421
20150920 0.701
20150921 0.625
20150922 0.433
20150923 0.711
20150924 0.651
20150925 0.541
20150926 0.297
20150927 0.619
20150928 0.698
20150929 0.632
20150930 0.420
20151001 0.547
20151002 0.791
20151003 0.857
20151004 0.695
20151005 0.388
20151006 0.568
20151007 0.926
20151008 0.584
20151009 0.535
20151010 0.882
20151011 0.455
20151012 0.508
20151013 0.333
20151014 0.003
20151015 0.325
20151016 0.755
20151017 0.595
20151018 0.443
20151019 0.804
20151020 0.460
20151021 0.338
20151022 0.863
20151023 0.642
20151024 0.894
20151025 0.483
20151026 0.396
20151027 0.915
20151028 0.522
20151029 0.142
20151030 0.280
20151031 0.619
20151101 0.822
20151102 0.452
20151103 1.000
20151104 0.161
20151105 0.000
20151106 0.000
20151107 0.000
20151108 0.000
20151109 0.101
20151110 0.000
20151111 0.000
20151112 0.000
20151113 0.000
20151114 0.000
20151115 0.018
20151116 0.064
20151117 0.350
20151118 0.665
20151119 0.522
20151120 0.526
20151121 0.596
20151122 0.495
20151123 0.600
20151124 0.038
20151125 0.180
20151126 0.387
20151127 0.561
20151128 0.630
20151129 0.550
20151130 0.557
20151201 0.705
20151202 0.143
20151203 0.485
20151204 0.643
20151205 0.742
20151206 0.542
20151207 0.319
20151208 0.452
20151209 0.742
20151210 0.332
20151211 0.542
20151212 0.214
20151213 0.456
20151214 0.052
20151215 0.000
20151216 0.000
20151217 0.000
20151218 0.000
20151219 0.000
20151220 0.000
20151221 0.000
20151222 0.000
20151223 0.000
20151224 0.000
20151225 0.000
20151226 0.000
20151227 0.000
20151228 0.000
20151229 0.000
20151230 0.000
20151231 0.000
20160101 0.000
20160102 0.000
20160103 0.000
20160104 0.000
20160105 0.000
20160106 0.000
20160107 0.000
20160108 0.000
20160109 0.000
20160110 0.000
20160111 0.000
20160112 0.000
20160113 0.000
20160114 0.000
20160115 0.000
20160116 0.000
20160117 0.000
20160118 0.000
20160119 0.000
20160120 0.000
20160121 0.000
20160122 0.000
20160123 0.000
20160124 0.000
20160125 0.000
20160126 0.000
20160127 0.000
20160128 0.000
20160129 0.000
20160130 0.000
20160131 0.000
20160201 0.000
20160202 0.000
20160203 0.000
20160204 0.000
20160205 0.000
20160206 0.000
20160207 0.000
20160208 0.000
20160209 0.000
20160210 0.445
20160211 1.000
20160212 1.000
20160213 1.000
20160214 1.000
20160215 0.436
20160216 0.465
20160217 1.000
20160218 1.000
20160219 1.000
20160220 1.000
20160221 1.000
20160222 1.000
20160223 1.000
20160224 1.000
20160225 1.000
20160226 1.000
20160227 1.000
20160228 1.000
20160229 1.000
20160301 1.000
20160302 1.000
20160303 1.000
20160304 1.000
20160305 1.000
20160306 1.000
20160307 1.000
20160308 1.000
20160309 1.000
20160310 0.961
20160311 1.000
20160312 1.000
20160313 1.000
20160314 1.000
20160315 1.000
20160316 0.665
20160317 1.000
20160318 1.000
20160319 1.000
20160320 1.000
20160321 1.000
20160322 1.000
20160323 1.000
20160324 0.751
20160325 0.000
20160326 0.000
20160327 0.000
20160328 0.000
20160329 0.000
20160330 0.000
20160331 0.000
20160401 0.000
20160402 0.000
20160403 0.000
20160404 0.000
20160405 0.000
20160406 0.000
20160407 0.332
20160408 0.000
20160409 0.000
20160410 0.000
20160411 0.080
20160412 0.000
20160413 0.662
20160414 0.593
20160415 0.411
20160416 0.000
20160417 0.000
20160418 0.000
20160419 0.000
20160420 0.000
20160421 0.000
20160422 0.007
20160423 0.302
20160424 0.334
20160425 0.344
20160426 0.000
20160427 0.306
20160428 0.791
20160429 0.232
20160430 0.146
20160501 1.000
20160502 1.000
20160503 0.877
20160504 1.000
20160505 0.731
20160506 0.196
20160507 0.561
20160508 0.612
20160509 0.617
20160510 0.386
20160511 0.395
20160512 0.587
20160513 0.672
20160514 0.556
20160515 0.813
20160516 0.299
20160517 0.768
20160518 0.409
20160519 1.000
20160520 0.902
20160521 1.000
20160522 1.000
20160523 1.000
20160524 1.000
20160525 1.000
20160526 0.724
20160527 0.458
20160528 0.675
20160529 0.770
20160530 0.798
20160531 0.550
20160601 0.486
20160602 0.745
20160603 0.600
20160604 0.856
20160605 0.796
20160606 1.000
20160607 0.851
20160608 1.000
20160609 0.687
20160610 0.017
20160611 0.285
20160612 0.901
20160613 0.793
20160614 0.668
20160615 0.759
20160616 0.224
20160617 0.749
20160618 0.818
20160619 0.792
20160620 0.873
20160621 1.000
20160622 0.682
20160623 0.652
20160624 0.435
20160625 0.665
20160626 0.379
20160627 0.985
20160628 0.869
20160629 0.816
20160630 0.658
20160701 0.448
20160702 0.629
20160703 0.862
20160704 0.803
20160705 0.968
20160706 0.750
20160707 0.688
20160708 0.844
20160709 0.849
20160710 0.926
20160711 0.739
20160712 0.803
20160713 1.000
20160714 0.810
20160715 0.878
20160716 0.903
20160717 0.762
20160718 0.842
20160719 0.766
20160720 0.871
20160721 0.861
20160722 0.688
20160723 0.812
20160724 0.791
20160725 0.507
20160726 0.078
20160727 0.000
20160728 0.000
20160729 0.000
20160730 0.000
20160731 0.026
20160801 0.484
20160802 0.801
20160803 0.710
20160804 0.819
20160805 0.702
20160806 0.782
20160807 0.787
20160808 0.790
20160809 0.661
20160810 0.913
20160811 1.000
20160812 0.818
20160813 0.612
20160814 0.865
20160815 0.584
20160816 0.575
20160817 0.820
20160818 0.224
20160819 0.562
20160820 0.045
20160821 0.770
20160822 0.000
20160823 0.000
20160824 0.113
20160825 0.288
20160826 0.867
20160827 0.723
20160828 0.810
20160829 0.744
20160830 0.806
20160831 0.671
20160901 0.784
20160902 0.711
20160903 0.819
20160904 0.917
20160905 0.843
20160906 0.695
20160907 0.446
20160908 0.650
20160909 0.895
20160910 0.379
20160911 0.000
20160912 0.659
20160913 1.000
20160914 0.962
20160915 1.000
20160916 1.000
20160917 0.394
20160918 0.777
20160919 0.000
20160920 0.000
20160921 0.000
20160922 0.299
20160923 0.000
20160924 0.000
20160925 0.469
20160926 0.503
20160927 0.912
20160928 0.821
20160929 0.881
20160930 0.681
20161001 1.000
20161002 0.797
20161003 0.249
20161004 0.000
20161005 0.000
20161006 0.000
20161007 0.000
20161008 0.398
20161009 0.573
20161010 0.893
20161011 0.679
20161012 0.672
20161013 0.531
20161014 0.424
20161015 0.856
20161016 0.730
20161017 0.603
20161018 0.864
20161019 0.530
20161020 0.368
20161021 0.392
20161022 0.823
20161023 0.760
20161024 0.743
20161025 0.879
20161026 0.740
20161027 0.180
20161028 0.000
20161029 0.000
20161030 0.000
20161031 0.000
20161101 0.000
20161102 0.000
20161103 0.398
20161104 0.921
20161105 1.000
20161106 0.082
20161107 0.050
20161108 0.106
20161109 0.624
20161110 0.225
20161111 1.000
20161112 0.871
20161113 0.921
20161114 0.890
20161115 0.874
20161116 0.642
20161117 0.316
20161118 0.385
20161119 0.766
20161120 0.587
20161121 0.925
20161122 0.616
20161123 0.496
20161124 0.553
20161125 0.490
20161126 0.138
20161127 0.695
20161128 0.635
20161129 0.388
20161130 0.499
20161201 0.618
20161202 0.530
20161203 0.741
20161204 0.798
20161205 0.535
20161206 0.000
20161207 0.000
20161208 0.000
20161209 0.000
20161210 0.000
20161211 0.000
20161212 0.000
20161213 0.000
20161214 0.000
20161215 0.000
20161216 0.000
20161217 0.000
20161218 0.000
20161219 0.000
20161220 0.000
20161221 0.000
20161222 0.000
20161223 0.000
20161224 0.000
20161225 0.000
20161226 0.000
20161227 0.000
20161228 0.000
20161229 0.000
20161230 0.000
20161231 0.000
20170101 0.000
20170102 0.000
20170103 0.000
20170104 0.000
20170105 0.000
20170106 0.000
20170107 0.000
20170108 0.000
20170109 0.000
20170110 0.000
20170111 0.000
20170112 0.000
20170113 0.000
20170114 0.000
20170115 0.000
20170116 0.000
20170117 0.000
20170118 0.000
20170119 0.000
20170120 0.000
20170121 0.000
20170122 0.000
20170123 0.000
20170124 0.000
20170125 0.000
20170126 0.000
20170127 0.000
20170128 0.000
20170129 0.000
20170130 0.000
20170131 0.000
20170201 0.000
20170202 0.000
20170203 0.000
20170204 0.000
20170205 0.000
20170206 0.000
20170207 0.000
20170208 0.000
20170209 0.000
20170210 0.000
20170211 0.000
20170212 0.000
20170213 0.000
20170214 0.000
20170215 0.000
20170216 0.000
20170217 0.000
20170218 0.000
20170219 0.000
20170220 0.000
20170221 0.000
20170222 0.000
20170223 0.000
20170224 0.000
20170225 0.000
20170226 0.000
20170227 0.000
20170228 0.000
20170301 0.000
20170302 0.000
20170303 0.000
20170304 0.000
20170305 0.000
20170306 0.000
20170307 0.000
20170308 0.000
20170309 0.000
20170310 0.000
20170311 0.000
20170312 0.000
20170313 0.000
20170314 0.000
20170315 0.000
20170316 0.000
20170317 0.000
20170318 0.000
20170319 0.000
20170320 0.000
20170321 0.000
20170322 0.369
20170323 0.669
20170324 0.497
20170325 1.000
20170326 1.000
20170327 0.973
20170328 1.000
20170329 1.000
20170330 1.000
20170331 1.000
20170401 1.000
20170402 1.000
20170403 1.000
20170404 1.000
20170405 1.000
20170406 0.708
20170407 1.000
20170408 1.000
20170409 1.000
20170410 0.890
20170411 1.000
20170412 0.943
20170413 0.871
20170414 1.000
20170415 1.000
20170416 1.000
20170417 1.000
20170418 1.000
20170419 1.000
20170420 0.768
20170421 0.972
20170422 1.000
20170423 1.000
20170424 1.000
20170425 1.000
20170426 1.000
20170427 0.963
20170428 0.353
20170429 0.000
20170430 0.000
20170501 0.000
20170502 0.000
20170503 0.224
20170504 0.000
20170505 0.000
20170506 0.000
20170507 0.042
20170508 0.537
20170509 0.211
20170510 0.303
20170511 0.000
20170512 0.129
20170513 0.000
20170514 0.000
20170515 0.568
20170516 0.000
20170517 0.199
20170518 0.924
20170519 0.000
20170520 0.111
20170521 0.000
20170522 0.000
20170523 0.357
20170524 0.193
20170525 0.303
20170526 0.284
20170527 0.633
20170528 0.413
20170529 0.386
20170530 0.536
20170531 0.798
20170601 0.725
20170602 0.255
20170603 0.255
20170604 0.035
20170605 0.476
20170606 0.414
20170607 0.000
20170608 0.000
20170609 0.195
20170610 0.000
20170611 0.000
20170612 0.172
20170613 0.716
20170614 0.610
20170615 0.464
20170616 0.809
20170617 0.605
20170618 0.909
20170619 0.799
20170620 0.817
20170621 0.512
20170622 0.524
20170623 0.571
20170624 0.702
20170625 0.715
20170626 0.484
20170627 0.843
20170628 0.670
20170629 0.705
20170630 0.256
20170701 0.000
20170702 0.000
20170703 0.543
20170704 1.000
20170705 1.000
20170706 1.000
20170707 0.603
20170708 0.000
20170709 0.142
20170710 0.079
20170711 0.111
20170712 0.536
20170713 0.823
20170714 0.329
20170715 0.725
20170716 0.632
20170717 0.851
20170718 0.838
20170719 0.408
20170720 0.686
20170721 0.753
20170722 0.715
20170723 0.933
20170724 0.141
20170725 0.000
20170726 0.054
20170727 0.594
20170728 0.756
20170729 0.460
20170730 0.872
20170731 0.815
20170801 0.759
20170802 0.456
20170803 0.415
20170804 0.877
20170805 0.700
20170806 0.742
20170807 0.700
20170808 0.679
20170809 0.753
20170810 0.517
20170811 0.000
20170812 0.508
20170813 0.419
20170814 0.347
20170815 0.516
20170816 0.707
20170817 0.521
20170818 0.727
20170819 0.392
20170820 0.853
20170821 0.564
20170822 0.465
20170823 0.723
20170824 0.441
20170825 0.992
20170826 0.393
20170827 0.786
20170828 0.815
20170829 0.826
20170830 0.638
20170831 0.431
20170901 0.624
20170902 0.806
20170903 0.593
20170904 0.467
20170905 0.660
20170906 0.715
20170907 0.905
20170908 0.681
20170909 0.562
20170910 0.744
20170911 0.666
20170912 0.682
20170913 0.344
20170914 0.000
20170915 0.000
20170916 0.000
20170917 0.000
20170918 0.288
20170919 0.793
20170920 0.850
20170921 0.160
20170922 0.010
20170923 0.272
20170924 0.776
20170925 0.733
20170926 0.887
20170927 0.622
20170928 0.880
20170929 0.876
20170930 0.535
20171001 0.848
20171002 0.641
20171003 0.919
20171004 0.757
20171005 0.638
20171006 0.722
20171007 0.866
20171008 0.811
20171009 0.839
20171010 0.879
20171011 0.714
20171012 0.238
20171013 0.305
20171014 0.899
20171015 0.776
20171016 0.769
20171017 0.881
20171018 0.777
20171019 0.632
20171020 0.870
20171021 0.756
20171022 0.640
20171023 0.608
20171024 0.798
20171025 0.852
20171026 0.408
20171027 0.672
20171028 0.736
20171029 0.525
20171030 0.723
20171031 0.830
20171101 0.290
20171102 0.833
20171103 0.746
20171104 0.844
20171105 0.929
20171106 0.905
20171107 0.734
20171108 0.430
20171109 0.813
20171110 0.631
20171111 0.251
20171112 0.772
20171113 0.920
20171114 0.950
20171115 0.786
20171116 0.708
20171117 1.000
20171118 0.928
20171119 0.925
20171120 0.946
20171121 0.622
20171122 0.425
20171123 0.928
20171124 1.000
20171125 0.928
20171126 0.407
20171127 0.000
20171128 0.000
20171129 0.000
20171130 0.000
20171201 0.000
20171202 0.000
20171203 0.000
20171204 0.669
20171205 0.591
20171206 0.131
20171207 0.000
20171208 0.000
20171209 0.000
20171210 0.000
20171211 0.000
20171212 0.000
20171213 0.000
20171214 0.000
20171215 0.000
20171216 0.000
20171217 0.000
20171218 0.000
20171219 0.000
20171220 0.000
20171221 0.000
20171222 0.000
20171223 0.000
20171224 0.000
20171225 0.000
20171226 0.000
20171227 0.000
20171228 0.000
20171229 0.000
20171230 0.000
20171231 0.000
20180101 0.000
20180102 0.000
20180103 0.000
20180104 0.000
20180105 0.000
20180106 0.000
20180107 0.000
20180108 0.000
20180109 0.000
20180110 0.000
20180111 0.000
20180112 0.000
20180113 0.000
20180114 0.000
20180115 0.000
20180116 0.000
20180117 0.000
20180118 0.000
20180119 0.000
20180120 0.000
20180121 0.000
20180122 0.380
20180123 0.000
20180124 0.000
20180125 0.553
20180126 1.000
20180127 1.000
20180128 1.000
20180129 1.000
20180130 1.000
20180131 1.000
20180201 1.000
20180202 0.396
20180203 0.000
20180204 0.000
20180205 0.234
20180206 1.000
20180207 1.000
20180208 0.374
20180209 0.000
20180210 0.000
20180211 0.000
20180212 0.000
20180213 0.000
20180214 0.000
20180215 0.000
20180216 0.000
20180217 0.000
20180218 0.000
20180219 0.000
20180220 0.000
20180221 0.000
20180222 0.000
20180223 0.000
20180224 0.000
20180225 0.000
20180226 0.000
20180227 0.000
20180228 0.000
20180301 0.000
20180302 0.580
20180303 1.000
20180304 1.000
20180305 1.000
20180306 0.984
20180307 1.000
20180308 1.000
20180309 1.000
20180310 1.000
20180311 1.000
20180312 0.992
20180313 0.940
20180314 1.000
20180315 1.000
20180316 0.956
20180317 1.000
20180318 1.000
20180319 1.000
20180320 0.896
20180321 0.859
20180322 0.871
20180323 1.000
20180324 1.000
20180325 1.000
20180326 0.796
20180327 0.784
20180328 1.000
20180329 0.946
20180330 0.409
20180331 0.000
20180401 0.081
20180402 0.000
20180403 0.000
20180404 0.000
20180405 0.000
20180406 0.105
20180407 0.100
20180408 0.000
20180409 0.000
20180410 0.147
20180411 0.000
20180412 0.000
20180413 0.000
20180414 0.106
20180415 0.000
20180416 0.000
20180417 0.269
20180418 0.636
20180419 0.415
20180420 0.776
20180421 0.397
20180422 0.706
20180423 0.302
20180424 0.188
20180425 0.735
20180426 0.525
20180427 0.710
20180428 0.346
20180429 0.609
20180430 0.683
20180501 0.893
20180502 0.555
20180503 0.873
20180504 0.730
20180505 0.751
20180506 0.571
20180507 0.608
20180508 0.275
20180509 0.539
20180510 0.754
20180511 0.705
20180512 0.847
20180513 0.864
20180514 0.754
20180515 0.272
20180516 0.559
20180517 0.836
20180518 0.705
20180519 0.741
20180520 0.540
20180521 0.890
20180522 0.786
20180523 0.853
20180524 0.521
20180525 0.670
20180526 0.810
20180527 0.916
20180528 0.473
20180529 0.522
20180530 0.493
20180531 0.694
20180601 0.722
20180602 0.921
20180603 0.825
20180604 0.804
20180605 0.729
20180606 0.724
20180607 0.684
20180608 0.726
20180609 0.895
20180610 0.814
20180611 0.822
20180612 0.197
20180613 0.000
20180614 0.000
20180615 0.000
20180616 0.000
20180617 0.000
20180618 0.208
20180619 0.575
20180620 1.000
20180621 0.899
20180622 0.225
20180623 0.143
20180624 0.358
20180625 0.065
20180626 0.401
20180627 0.621
20180628 0.549
20180629 0.320
20180630 0.554
20180701 0.405
20180702 0.346
20180703 0.562
20180704 0.536
20180705 0.785
20180706 0.858
20180707 0.641
20180708 0.681
20180709 0.640
20180710 1.000
20180711 0.688
20180712 0.702
20180713 0.720
20180714 0.716
20180715 0.758
20180716 0.593
20180717 0.362
20180718 0.820
20180719 0.834
20180720 0.438
20180721 0.792
20180722 0.825
20180723 0.279
20180724 0.000
20180725 0.000
20180726 0.000
20180727 0.000
20180728 0.647
20180729 1.000
20180730 0.485
20180731 0.578
20180801 0.673
20180802 0.607
20180803 0.758
20180804 0.762
20180805 0.698
20180806 0.733
20180807 0.622
20180808 0.780
20180809 0.775
20180810 0.875
20180811 0.745
20180812 0.921
20180813 0.822
20180814 0.777
20180815 0.931
20180816 0.953
20180817 0.653
20180818 0.863
20180819 0.804
20180820 0.802
20180821 1.000
20180822 0.791
20180823 0.283
20180824 0.890
20180825 0.862
20180826 0.728
20180827 0.714
20180828 0.746
20180829 0.761
20180830 0.901
20180831 0.684
20180901 0.834
20180902 0.748
20180903 0.763
20180904 0.835
20180905 0.890
20180906 0.852
20180907 0.734
20180908 0.776
20180909 0.702
20180910 0.914
20180911 0.583
20180912 0.000
20180913 0.000
20180914 0.000
20180915 0.000
20180916 0.000
20180917 0.627
20180918 1.000
20180919 0.936
20180920 1.000
20180921 0.844
20180922 0.000
20180923 0.211
20180924 0.719
20180925 0.597
20180926 0.917
20180927 0.867
20180928 0.604
20180929 0.571
20180930 0.800
20181001 0.880
20181002 0.241
20181003 0.804
20181004 0.820
20181005 0.367
20181006 0.163
20181007 0.735
20181008 0.608
20181009 0.810
20181010 0.935
20181011 0.228
20181012 0.000
20181013 0.008
20181014 0.380
20181015 0.671
20181016 0.838
20181017 0.736
20181018 0.885
20181019 0.725
20181020 0.922
20181021 0.577
20181022 0.767
20181023 0.877
20181024 0.260
20181025 0.000
20181026 0.090
20181027 0.000
20181028 0.000
20181029 0.000
20181030 0.000
20181031 0.532
20181101 1.000
20181102 0.915
20181103 0.283
20181104 0.029
20181105 0.353
20181106 0.019
20181107 0.036
20181108 0.280
20181109 0.315
20181110 0.676
20181111 0.560
20181112 0.604
20181113 0.731
20181114 0.497
20181115 0.682
20181116 0.702
20181117 0.707
20181118 0.774
20181119 0.566
20181120 0.574
20181121 0.362
20181122 0.516
20181123 0.734
20181124 0.678
20181125 0.829
20181126 0.695
20181127 0.364
20181128 0.717
20181129 0.751
20181130 0.721
20181201 0.679
20181202 0.550
20181203 0.609
20181204 0.000
20181205 0.521
20181206 0.806
20181207 0.848
20181208 0.000
20181209 0.000
20181210 0.000
20181211 0.000
20181212 0.000
20181213 0.000
20181214 0.000
20181215 0.000
20181216 0.000
20181217 0.000
20181218 0.000
20181219 0.000
20181220 0.000
20181221 0.000
20181222 0.000
20181223 0.000
20181224 0.000
20181225 0.000
20181226 0.000
20181227 0.000
20181228 0.000
20181229 0.000
20181230 0.000
20181231 0.000
20190101 0.000
20190102 0.000
20190103 0.000
20190104 0.000
20190105 0.000
20190106 0.000
20190107 0.000
20190108 0.000
20190109 0.000
20190110 0.000
20190111 0.000
20190112 0.000
20190113 0.000
20190114 0.000
20190115 0.000
20190116 0.000
20190117 0.000
20190118 0.000
20190119 0.000
20190120 0.000
20190121 0.000
20190122 0.000
20190123 0.000
20190124 0.000
20190125 0.000
20190126 0.000
20190127 0.000
20190128 0.000
20190129 0.000
20190130 0.000
20190131 0.000
20190201 0.000
20190202 0.000
20190203 0.000
20190204 0.000
20190205 0.000
20190206 0.000
20190207 0.000
20190208 0.000
20190209 0.000
20190210 0.000
20190211 0.000
20190212 0.000
20190213 0.000
20190214 0.000
20190215 0.000
20190216 0.000
20190217 0.000
20190218 0.000
20190219 0.000
20190220 0.000
20190221 0.000
20190222 0.000
20190223 0.000
20190224 0.000
20190225 0.000
20190226 0.000
20190227 0.000
20190228 0.000
20190301 0.000
20190302 0.000
20190303 0.000
20190304 0.000
20190305 0.000
20190306 0.000
20190307 0.000
20190308 0.000
20190309 0.000
20190310 0.000
20190311 0.000
20190312 0.000
20190313 0.000
20190314 0.000
20190315 0.000
20190316 0.000
20190317 0.000
20190318 0.000
20190319 0.000
20190320 0.335
20190321 0.908
20190322 0.755
20190323 0.000
20190324 0.000
20190325 0.000
20190326 0.000
20190327 0.000
20190328 0.000
20190329 0.000
20190330 0.000
20190331 0.000
20190401 0.000
20190402 0.000
20190403 0.000
20190404 0.000
20190405 0.000
20190406 0.000
20190407 0.000
20190408 0.000
20190409 0.000
20190410 0.000
20190411 0.000
20190412 0.000
20190413 0.000
20190414 0.000
20190415 0.000
20190416 0.000
20190417 0.000
20190418 0.000
20190419 0.000
20190420 0.000
20190421 0.000
20190422 0.000
20190423 0.000
20190424 0.000
20190425 0.000
20190426 0.000
20190427 0.000
20190428 0.000
20190429 0.000
20190430 0.000
20190501 0.000
20190502 0.000
20190503 0.000
20190504 0.000
20190505 0.000
20190506 0.000
20190507 0.000
20190508 0.000
20190509 0.000
20190510 0.000
20190511 0.000
20190512 0.000
20190513 0.000
20190514 0.000
20190515 0.000
20190516 0.000
20190517 0.000
20190518 0.000
20190519 0.000
20190520 0.000
20190521 0.000
20190522 0.000
20190523 0.000
20190524 0.000
20190525 0.000
20190526 0.000
20190527 0.000
20190528 0.000
20190529 0.000
20190530 0.000
20190531 0.000
20190601 0.000
20190602 0.000
20190603 0.000
20190604 0.000
20190605 0.000
20190606 0.000
20190607 0.000
20190608 0.000
20190609 0.000
20190610 0.000
20190611 0.000
20190612 0.000
20190613 0.000
20190614 0.000
20190615 0.000
20190616 0.000
20190617 0.000
20190618 0.000
20190619 0.000
20190620 0.000
20190621 0.000
20190622 0.000
20190623 0.000
20190624 0.000
20190625 0.000
20190626 0.000
20190627 0.000
20190628 0.000
20190629 0.000
20190630 0.000
20190701 0.000
20190702 0.000
20190703 0.000
20190704 0.000
20190705 0.000
20190706 0.000
20190707 0.000
20190708 0.000
20190709 0.000
20190710 0.000
20190711 0.000
20190712 0.000
20190713 0.000
20190714 0.000
20190715 0.000
20190716 0.000
20190717 0.000
20190718 0.000
20190719 0.000
20190720 0.000
20190721 0.000
20190722 0.000
20190723 0.000
20190724 0.000
20190725 0.000
20190726 0.000
20190727 0.000
20190728 0.000
20190729 0.000
20190730 0.000
20190731 0.000
20190801 0.000
20190802 0.000
20190803 0.000
20190804 0.000
20190805 0.000
20190806 0.000
20190807 0.000
20190808 0.000
20190809 0.000
20190810 0.000
20190811 0.000
20190812 0.000
20190813 0.000
20190814 0.000
20190815 0.000
20190816 0.000
20190817 0.000
20190818 0.000
20190819 0.000
20190820 0.000
20190821 0.000
20190822 0.000
20190823 0.000
20190824 0.000
20190825 0.000
20190826 0.000
20190827 0.000
20190828 0.000
20190829 0.000
20190830 0.000
20190831 0.000
20190901 0.000
20190902 0.000
20190903 0.000
20190904 0.000
20190905 0.000
20190906 0.000
20190907 0.000
20190908 0.000
20190909 0.000
20190910 0.000
20190911 0.000
20190912 0.000
20190913 0.000
20190914 0.000
20190915 0.000
20190916 0.000
20190917 0.000
20190918 0.280
20190919 1.000
20190920 0.722
20190921 0.000
20190922 0.000
20190923 0.000
20190924 0.000
20190925 0.000
20190926 0.000
20190927 0.000
20190928 0.000
20190929 0.000
20190930 0.000
20191001 0.000
20191002 0.000
20191003 0.000
20191004 0.000
20191005 0.000
20191006 0.000
20191007 0.000
20191008 0.000
20191009 0.000
20191010 0.000
20191011 0.000
20191012 0.000
20191013 0.000
20191014 0.000
20191015 0.000
20191016 0.000
20191017 0.480
20191018 0.522
20191019 0.000
20191020 0.000
20191021 0.000
20191022 0.000
20191023 0.000
20191024 0.000
20191025 0.000
20191026 0.000
20191027 0.000
20191028 0.000
20191029 0.000
20191030 0.000
20191031 0.000
20191101 0.000
20191102 0.000
20191103 0.000
20191104 0.000
20191105 0.000
20191106 0.000
20191107 0.000
20191108 0.000
20191109 0.000
20191110 0.000
20191111 0.000
20191112 0.000
20191113 0.000
20191114 0.000
20191115 0.000
20191116 0.000
20191117 0.000
20191118 0.000
20191119 0.000
20191120 0.000
20191121 0.000
20191122 0.000
20191123 0.000
20191124 0.000
20191125 0.000
20191126 0.000
20191127 0.000
20191128 0.000
20191129 0.000
20191130 0.000
20191201 0.000
20191202 0.000
20191203 0.000
20191204 0.000
20191205 0.000
20191206 0.000
20191207 0.000
20191208 0.000
20191209 0.000
20191210 0.000
20191211 0.000
20191212 0.000
20191213 0.000
20191214 0.000
20191215 0.000
20191216 0.000
20191217 0.000
20191218 0.000
20191219 0.000
20191220 0.000
20191221 0.000
20191222 0.000
20191223 0.000
20191224 0.000
20191225 0.000
20191226 0.000
20191227 0.000
20191228 0.000
20191229 0.000
20191230 0.000
20191231 0.000
20200101 0.000
20200102 0.000
20200103 0.000
20200104 0.000
20200105 0.000
20200106 0.000
20200107 0.000
20200108 0.000
20200109 0.000
20200110 0.000
20200111 0.000
20200112 0.000
20200113 0.000
20200114 0.000
20200115 0.000
20200116 0.000
20200117 0.000
20200118 0.000
20200119 0.000
20200120 0.384
20200121 1.000
20200122 1.000
20200123 1.000
20200124 0.346
20200125 0.000
20200126 0.000
20200127 0.000
20200128 0.000
20200129 0.000
20200130 0.000
20200131 0.000
20200201 0.000
20200202 0.000
20200203 0.000
20200204 0.000
20200205 0.000
20200206 0.000
20200207 0.000
20200208 0.000
20200209 0.000
20200210 0.000
20200211 0.000
20200212 0.000
20200213 0.000
20200214 0.000
20200215 0.000
20200216 0.000
20200217 0.000
20200218 0.590
20200219 1.000
20200220 1.000
20200221 0.409
20200222 0.000
20200223 0.000
20200224 0.000
20200225 0.000
20200226 0.000
20200227 0.000
20200228 0.000
20200229 0.000
20200301 0.000
20200302 0.000
20200303 0.000
20200304 0.000
20200305 0.000
20200306 0.000
20200307 0.000
20200308 0.000
20200309 0.000
20200310 0.000
20200311 0.000
20200312 0.000
20200313 0.000
20200314 0.000
20200315 0.000
20200316 0.000
20200317 0.000
20200318 0.000
20200319 0.000
20200320 0.000
20200321 0.000
20200322 0.000
20200323 0.000
20200324 0.000
20200325 0.000
20200326 0.000
20200327 0.000
20200328 0.000
20200329 0.000
20200330 0.000
20200331 0.000
20200401 0.000
20200402 0.000
20200403 0.000
20200404 0.000
20200405 0.000
20200406 0.000
20200407 0.000
20200408 0.000
20200409 0.000
20200410 0.000
20200411 0.000
20200412 0.000
20200413 0.000
20200414 0.000
20200415 0.000
20200416 0.000
20200417 0.000
20200418 0.000
20200419 0.000
20200420 0.000
20200421 0.000
20200422 0.000
20200423 0.000
20200424 0.000
20200425 0.000
20200426 0.000
20200427 0.000
20200428 0.000
20200429 0.000
20200430 0.000
20200501 0.000
20200502 0.000
20200503 0.000
20200504 0.000
20200505 0.000
20200506 0.000
20200507 0.000
20200508 0.000
20200509 0.000
20200510 0.000
20200511 0.000
20200512 0.000
20200513 0.000
20200514 0.000
20200515 0.000
20200516 0.000
20200517 0.000
20200518 0.000
20200519 0.000
20200520 0.000
20200521 0.000
20200522 0.000
20200523 0.000
20200524 0.000
20200525 0.000
20200526 0.000
20200527 0.000
20200528 0.000
20200529 0.000
20200530 0.000
20200531 0.000
20200601 0.000
20200602 0.000
20200603 0.000
20200604 0.000
20200605 0.000
20200606 0.000
20200607 0.000
20200608 0.000
20200609 0.000
20200610 0.000
20200611 0.000
20200612 0.000
20200613 0.000
20200614 0.000
20200615 0.000
20200616 0.000
20200617 0.000
20200618 0.000
20200619 0.000
20200620 0.000
20200621 0.000
20200622 0.000
20200623 0.000
20200624 0.000
20200625 0.000
20200626 0.000
20200627 0.000
20200628 0.000
20200629 0.000
20200630 0.000
20200701 0.000
20200702 0.000
20200703 0.000
20200704 0.000
20200705 0.000
20200706 0.000
20200707 0.000
20200708 0.000
20200709 0.000
20200710 0.000
20200711 0.000
20200712 0.000
20200713 0.000
20200714 0.000
20200715 0.074
20200716 0.464
20200717 0.838
20200718 0.000
20200719 0.000
20200720 0.000
20200721 0.000
20200722 0.000
20200723 0.000
20200724 0.000
20200725 0.000
20200726 0.000
20200727 0.000
20200728 0.000
20200729 0.000
20200730 0.000
20200731 0.000
20200801 0.000
20200802 0.000
20200803 0.000
20200804 0.000
20200805 0.000
20200806 0.000
20200807 0.000
20200808 0.000
20200809 0.000
20200810 0.000
20200811 0.000
20200812 0.000
20200813 0.000
20200814 0.000
20200815 0.000
20200816 0.000
20200817 0.000
20200818 0.000
20200819 0.000
20200820 0.000
20200821 0.000
20200822 0.000
20200823 0.000
20200824 0.000
20200825 0.000
20200826 0.000
20200827 0.000
20200828 0.000
20200829 0.000
20200830 0.000
20200831 0.421
20200901 0.907
20200902 1.000
20200903 0.561
20200904 0.000
20200905 0.000
20200906 0.000
20200907 0.000
20200908 0.000
20200909 0.000
20200910 0.000
20200911 0.000
20200912 0.000
20200913 0.000
20200914 0.000
20200915 0.000
20200916 0.000
20200917 0.000
20200918 0.000
20200919 0.000
20200920 0.000
20200921 0.000
20200922 0.000
20200923 0.000
20200924 0.000
20200925 0.000
20200926 0.000
20200927 0.000
20200928 0.000
20200929 0.000
20200930 0.000
20201001 0.000
20201002 0.000
20201003 0.000
20201004 0.000
20201005 0.000
20201006 0.000
20201007 0.000
20201008 0.000
20201009 0.000
20201010 0.000
20201011 0.000
20201012 0.000
20201013 0.000
20201014 0.000
20201015 0.000
20201016 0.000
20201017 0.000
20201018 0.000
20201019 0.000
20201020 0.000
20201021 0.000
20201022 0.000
20201023 0.000
20201024 0.000
20201025 0.000
20201026 0.000
20201027 0.000
20201028 0.000
20201029 0.000
20201030 0.000
20201031 0.000
20201101 0.000
20201102 0.000
20201103 0.000
20201104 0.000
20201105 0.000
20201106 0.000
20201107 0.000
20201108 0.000
20201109 0.000
20201110 0.000
20201111 0.000
20201112 0.000
20201113 0.000
20201114 0.000
20201115 0.000
20201116 0.000
20201117 0.259
20201118 1.000
20201119 1.000
20201120 0.551
20201121 0.000
20201122 0.000
20201123 0.000
20201124 0.000
20201125 0.000
20201126 0.000
20201127 0.000
20201128 0.000
20201129 0.000
20201130 0.000
20201201 0.000
20201202 0.000
20201203 0.000
20201204 0.000
20201205 0.000
20201206 0.000
20201207 0.000
20201208 0.000
20201209 0.000
20201210 0.000
20201211 0.000
20201212 0.000
20201213 0.000
20201214 0.000
20201215 0.000
20201216 0.000
20201217 0.000
20201218 0.000
20201219 0.000
20201220 0.000
20201221 0.000
20201222 0.000
20201223 0.000
20201224 0.000
20201225 0.000
20201226 0.000
20201227 0.000
20201228 0.000
20201229 0.000
20201230 0.000
20201231 0.000
20210101 0.000
20210102 0.000
20210103 0.000
20210104 0.000
20210105 0.000
20210106 0.000
20210107 0.000
20210108 0.000
20210109 0.000
20210110 0.000
20210111 0.000
20210112 0.000
20210113 0.000
20210114 0.000
20210115 0.000
20210116 0.000
20210117 0.000
20210118 0.000
20210119 0.000
20210120 0.000
20210121 0.000
20210122 0.000
20210123 0.000
20210124 0.000
20210125 0.000
20210126 0.000
20210127 0.000
20210128 0.000
20210129 0.000
20210130 0.000
20210131 0.000
20210201 0.000
20210202 0.000
20210203 0.000
20210204 0.000
20210205 0.000
20210206 0.000
20210207 0.000
20210208 0.000
20210209 0.000
20210210 0.000
20210211 0.000
20210212 0.000
20210213 0.000
20210214 0.000
20210215 0.000
20210216 0.000
20210217 0.000
20210218 0.000
20210219 0.000
20210220 0.000
20210221 0.000
20210222 0.000
20210223 0.000
20210224 0.000
20210225 0.000
20210226 0.000
20210227 0.000
20210228 0.000
20210301 0.000
20210302 0.000
20210303 0.000
20210304 0.000
20210305 0.000
20210306 0.000
20210307 0.000
20210308 0.000
20210309 0.000
20210310 0.000
20210311 0.000
20210312 0.000
20210313 0.000
20210314 0.000
20210315 0.000
20210316 0.000
20210317 0.000
20210318 0.000
20210319 0.000
20210320 0.000
20210321 0.000
20210322 0.000
20210323 0.000
20210324 0.000
20210325 0.000
20210326 0.000
20210327 0.000
20210328 0.000
20210329 0.000
20210330 0.000
20210331 0.000
20210401 0.000
20210402 0.000
20210403 0.000
20210404 0.000
20210405 0.000
20210406 0.000
20210407 0.000
20210408 0.000
20210409 0.000
20210410 0.000
20210411 0.000
20210412 0.000
20210413 0.000
20210414 0.000
20210415 0.000
20210416 0.000
20210417 0.000
20210418 0.000
20210419 0.000
20210420 0.000
20210421 0.000
20210422 0.000
20210423 0.000
20210424 0.000
20210425 0.000
20210426 0.000
20210427 0.000
20210428 0.000
20210429 0.000
20210430 0.000
20210501 0.000
20210502 0.000
20210503 0.000
20210504 0.000
20210505 0.000
20210506 0.000
20210507 0.000
20210508 0.000
20210509 0.000
20210510 0.000
20210511 0.000
20210512 0.000
20210513 0.000
20210514 0.000
20210515 0.000
20210516 0.000
20210517 0.000
20210518 0.000
20210519 0.000
20210520 0.000
20210521 0.000
20210522 0.000
20210523 0.000
20210524 0.000
20210525 0.000
20210526 0.000
20210527 0.000
20210528 0.000
20210529 0.000
20210530 0.000
20210531 0.000
20210601 0.000
20210602 0.000
20210603 0.000
20210604 0.000
20210605 0.000
20210606 0.000
20210607 0.000
20210608 0.000
20210609 0.000
20210610 0.000
20210611 0.000
20210612 0.000
20210613 0.000
20210614 0.000
20210615 0.000
20210616 0.000
20210617 0.000
20210618 0.000
20210619 0.000
20210620 0.000
20210621 0.000
20210622 0.000
20210623 0.000
20210624 0.000
20210625 0.000
20210626 0.000
20210627 0.000
20210628 0.000
20210629 0.000
20210630 0.000
20210701 0.000
20210702 0.000
20210703 0.000
20210704 0.000
20210705 0.000
20210706 0.000
20210707 0.000
20210708 0.000
20210709 0.000
20210710 0.000
20210711 0.000
20210712 0.000
20210713 0.000
20210714 0.000
20210715 0.000
20210716 0.318
20210717 1.000
20210718 1.000
20210719 1.000
20210720 0.793
20210721 1.000
20210722 0.874
20210723 0.918
20210724 1.000
20210725 1.000
20210726 0.593
20210727 1.000
20210728 1.000
20210729 1.000
20210730 1.000
20210731 1.000
20210801 1.000
20210802 1.000
20210803 1.000
20210804 1.000
20210805 0.965
20210806 1.000
20210807 1.000
20210808 1.000
20210809 1.000
20210810 1.000
20210811 1.000
20210812 1.000
20210813 0.623
20210814 0.000
20210815 0.000
20210816 0.000
20210817 0.000
20210818 0.000
20210819 0.000
20210820 0.000
20210821 0.000
20210822 0.000
20210823 0.000
20210824 0.000
20210825 0.000
20210826 0.000
20210827 0.000
20210828 0.000
20210829 0.000
20210830 0.000
20210831 0.000
20210901 0.000
20210902 0.000
20210903 0.000
20210904 0.000
20210905 0.000
20210906 0.000
20210907 0.000
20210908 0.000
20210909 0.000
20210910 0.000
20210911 0.000
20210912 0.000
20210913 0.000
20210914 0.000
20210915 0.000
20210916 0.000
20210917 0.000
20210918 0.000
20210919 0.000
20210920 0.000
20210921 0.000
20210922 0.000
20210923 0.000
20210924 0.000
20210925 0.000
20210926 0.000
20210927 0.000
20210928 0.000
20210929 0.000
20210930 0.000
20211001 0.000
20211002 0.000
20211003 0.000
20211004 0.000
20211005 0.000
20211006 0.000
20211007 0.000
20211008 0.000
20211009 0.000
20211010 0.000
20211011 0.000
20211012 0.173
20211013 1.000
20211014 1.000
20211015 1.000
20211016 1.000
20211017 1.000
20211018 0.696
20211019 0.387
20211020 0.000
20211021 0.289
20211022 0.000
20211023 0.000
20211024 0.000
20211025 0.247
20211026 0.000
20211027 0.435
20211028 0.339
20211029 0.269
20211030 0.454
20211031 0.325
20211101 0.287
20211102 0.000
20211103 0.000
20211104 0.000
20211105 0.000
20211106 0.000
20211107 0.000
20211108 0.000
20211109 0.000
20211110 0.000
20211111 0.000
20211112 0.000
20211113 0.000
20211114 0.000
20211115 0.000
20211116 0.000
20211117 0.000
20211118 0.000
20211119 0.000
20211120 0.000
20211121 0.000
20211122 0.000
20211123 0.000
20211124 0.000
20211125 0.000
20211126 0.000
20211127 0.000
20211128 0.000
20211129 0.000
20211130 0.000
20211201 0.000
20211202 0.000
20211203 0.000
20211204 0.000
20211205 0.000
20211206 0.000
20211207 0.000
20211208 0.000
20211209 0.000
20211210 0.000
20211211 0.000
20211212 0.000
20211213 0.000
20211214 0.000
20211215 0.000
20211216 0.000
20211217 0.000
20211218 0.000
20211219 0.000
20211220 0.000
20211221 0.000
20211222 0.000
20211223 0.000
20211224 0.000
20211225 0.000
20211226 0.000
20211227 0.000
20211228 0.000
20211229 0.000
20211230 0.000
20211231 0.000
20220101 0.000
20220102 0.000
20220103 0.000
20220104 0.000
20220105 0.000
20220106 0.000
20220107 0.000
20220108 0.000
20220109 0.000
20220110 0.000
20220111 0.000
20220112 0.000
20220113 0.000
20220114 0.000
20220115 0.000
20220116 0.000
20220117 0.000
20220118 0.000
20220119 0.000
20220120 0.000
20220121 0.000
20220122 0.000
20220123 0.000
20220124 0.000
20220125 0.000
20220126 0.000
20220127 0.000
20220128 0.000
20220129 0.000
20220130 0.000
20220131 0.000
20220201 0.000
20220202 0.000
20220203 0.000
20220204 0.000
20220205 0.000
20220206 0.000
20220207 0.000
20220208 0.000
20220209 0.000
20220210 0.000
20220211 0.000
20220212 0.000
20220213 0.000
20220214 0.000
20220215 0.000
20220216 0.000
20220217 0.000
20220218 0.000
20220219 0.000
20220220 0.000
20220221 0.000
20220222 0.000
20220223 0.000
20220224 0.000
20220225 0.000
20220226 0.000
20220227 0.000
20220228 0.000
20220301 0.000
20220302 0.000
20220303 0.000
20220304 0.000
20220305 0.000
20220306 0.000
20220307 0.000
20220308 0.000
20220309 0.287
20220310 0.935
20220311 1.000
20220312 1.000
20220313 1.000
20220314 1.000
20220315 1.000
20220316 1.000
20220317 0.955
20220318 1.000
20220319 1.000
20220320 1.000
20220321 1.000
20220322 0.595
20220323 0.571
20220324 0.980
20220325 0.486
20220326 1.000
20220327 1.000
20220328 1.000
20220329 1.000
20220330 0.834
20220331 1.000
20220401 1.000
20220402 1.000
20220403 1.000
20220404 1.000
20220405 1.000
20220406 1.000
20220407 1.000
20220408 0.779
20220409 1.000
20220410 1.000
20220411 1.000
20220412 1.000
20220413 1.000
20220414 1.000
20220415 1.000
20220416 1.000
20220417 1.000
20220418 1.000
20220419 1.000
20220420 1.000
20220421 0.819
20220422 0.339
20220423 0.000
20220424 0.000
20220425 0.173
20220426 0.211
20220427 0.018
20220428 0.000
20220429 0.030
20220430 0.584
20220501 1.000
20220502 0.763
20220503 0.000
20220504 0.005
20220505 0.966
20220506 0.471
20220507 0.094
20220508 0.000
20220509 0.000
20220510 0.395
20220511 0.000
20220512 0.000
20220513 0.000
20220514 0.000
20220515 0.000
20220516 0.534
20220517 0.802
20220518 0.076
20220519 0.000
20220520 0.000
20220521 0.142
20220522 0.000
20220523 0.000
20220524 0.000
20220525 0.299
20220526 0.000
20220527 0.176
20220528 0.386
20220529 0.260
20220530 0.612
20220531 0.000
20220601 0.204
20220602 0.000
20220603 0.330
20220604 0.203
20220605 0.377
20220606 0.448
20220607 1.000
20220608 0.782
20220609 0.321
20220610 0.206
20220611 0.000
20220612 0.000
20220613 0.194
20220614 0.000
20220615 0.000
20220616 0.000
20220617 0.000
20220618 0.000
20220619 0.000
20220620 0.000
20220621 0.000
20220622 0.000
20220623 0.000
20220624 0.000
20220625 0.000
20220626 0.000
20220627 0.000
20220628 0.000
20220629 0.000
20220630 0.000
20220701 0.000
20220702 0.000
20220703 0.000
20220704 0.000
20220705 0.671
20220706 0.649
20220707 0.448
20220708 0.000
20220709 0.000
20220710 0.358
20220711 0.625
20220712 0.840
20220713 0.297
20220714 0.260
20220715 0.254
20220716 0.000
20220717 0.000
20220718 0.183
20220719 0.120
20220720 0.711
20220721 0.404
20220722 0.438
20220723 0.506
20220724 0.851
20220725 0.153
20220726 0.640
20220727 0.414
20220728 0.565
20220729 0.683
20220730 0.699
20220731 0.765
20220801 0.855
20220802 0.762
20220803 0.848
20220804 0.589
20220805 0.786
20220806 0.610
20220807 0.886
20220808 0.501
20220809 0.733
20220810 0.915
20220811 0.468
20220812 0.477
20220813 0.802
20220814 0.683
20220815 0.818
20220816 0.597
20220817 0.856
20220818 0.848
20220819 0.799
20220820 0.835
20220821 0.779
20220822 0.918
20220823 0.713
20220824 1.000
20220825 1.000
20220826 1.000
20220827 1.000
20220828 1.000
20220829 1.000
20220830 0.639
20220831 0.000
20220901 0.000
20220902 0.000
20220903 0.000
20220904 0.000
20220905 0.000
20220906 0.000
20220907 0.000
20220908 0.000
20220909 0.000
20220910 0.000
20220911 0.000
20220912 0.000
20220913 0.000
20220914 0.287
20220915 1.000
20220916 0.667
20220917 0.000
20220918 0.059
20220919 1.000
20220920 0.344
20220921 0.162
20220922 0.291
20220923 0.233
20220924 0.985
20220925 1.000
20220926 0.735
20220927 0.020
20220928 0.409
20220929 0.310
20220930 0.545
20221001 0.821
20221002 0.693
20221003 0.665
20221004 0.584
20221005 0.756
20221006 0.557
20221007 0.718
20221008 0.896
20221009 0.734
20221010 0.806
20221011 0.522
20221012 0.168
20221013 0.532
20221014 0.784
20221015 0.540
20221016 0.852
20221017 0.287
20221018 0.000
20221019 0.155
20221020 0.795
20221021 0.669
20221022 0.827
20221023 0.840
20221024 0.613
20221025 0.597
20221026 0.371
20221027 0.792
20221028 0.813
20221029 0.851
20221030 0.752
20221031 0.503
20221101 0.731
20221102 0.889
20221103 0.494
20221104 0.663
20221105 0.661
20221106 0.000
20221107 0.000
20221108 0.000
20221109 0.000
20221110 0.839
20221111 0.870
20221112 0.786
20221113 0.782
20221114 0.787
20221115 0.772
20221116 0.827
20221117 0.406
20221118 0.424
20221119 0.346
20221120 0.000
20221121 0.477
20221122 0.046
20221123 0.173
20221124 0.540
20221125 0.400
20221126 0.664
20221127 0.530
20221128 0.650
20221129 0.000
20221130 0.000
20221201 0.000
20221202 0.000
20221203 0.000
20221204 0.000
20221205 0.000
20221206 0.000
20221207 0.000
20221208 0.000
20221209 0.000
20221210 0.000
20221211 0.000
20221212 0.000
20221213 0.000
20221214 0.000
20221215 0.000
20221216 0.000
20221217 0.000
20221218 0.000
20221219 0.000
20221220 0.000
20221221 0.000
20221222 0.000
20221223 0.000
20221224 0.000
20221225 0.000
20221226 0.000
20221227 0.000
20221228 0.000
20221229 0.000
20221230 0.000
20221231 0.000
20230101 0.000
20230102 0.000
20230103 0.000
20230104 0.000
20230105 0.000
20230106 0.000
20230107 0.000
20230108 0.000
20230109 0.000
20230110 0.000
20230111 0.000
20230112 0.000
20230113 0.000
20230114 0.000
20230115 0.000
20230116 0.000
20230117 0.000
20230118 0.000
20230119 0.000
20230120 0.000
20230121 0.000
20230122 0.000
20230123 0.000
20230124 0.000
20230125 0.000
20230126 0.000
20230127 0.000
20230128 0.000
20230129 0.000
20230130 0.000
20230131 0.000
20230201 0.000
20230202 0.000
20230203 0.000
20230204 0.000
20230205 0.000
20230206 0.000
20230207 0.000
20230208 0.000
20230209 0.000
20230210 0.000
20230211 0.000
20230212 0.000
20230213 0.000
20230214 0.000
20230215 0.000
20230216 0.000
20230217 0.000
20230218 0.000
20230219 0.000
20230220 0.481
20230221 1.000
20230222 1.000
20230223 1.000
20230224 0.334
20230225 0.000
20230226 0.000
20230227 0.000
20230228 0.000
20230301 0.000
20230302 0.259
20230303 1.000
20230304 1.000
20230305 1.000
20230306 1.000
20230307 1.000
20230308 1.000
20230309 1.000
20230310 0.641
20230311 1.000
20230312 1.000
20230313 1.000
20230314 0.918
20230315 1.000
20230316 1.000
20230317 1.000
20230318 1.000
20230319 1.000
20230320 1.000
20230321 1.000
20230322 1.000
20230323 1.000
20230324 0.896
20230325 0.969
20230326 0.989
20230327 0.858
20230328 0.354
20230329 0.337
20230330 0.079
20230331 0.170
20230401 0.061
20230402 1.000
20230403 1.000
20230404 0.797
20230405 0.000
20230406 0.371
20230407 0.315
20230408 0.052
20230409 0.297
20230410 0.041
20230411 0.000
20230412 0.350
20230413 0.163
20230414 0.000
20230415 0.000
20230416 0.209
20230417 0.100
20230418 0.000
20230419 0.635
20230420 0.369
20230421 0.209
20230422 0.671
20230423 0.749
20230424 0.459
20230425 0.228
20230426 0.000
20230427 0.032
20230428 0.535
20230429 0.735
20230430 0.664
20230501 0.606
20230502 0.476
20230503 0.382
20230504 0.290
20230505 0.651
20230506 0.708
20230507 0.813
20230508 0.218
20230509 0.737
20230510 0.637
20230511 0.647
20230512 0.687
20230513 0.356
20230514 0.623
20230515 0.596
20230516 0.708
20230517 0.486
20230518 0.826
20230519 0.480
20230520 0.892
20230521 0.464
20230522 0.350
20230523 0.639
20230524 0.789
20230525 0.815
20230526 0.373
20230527 0.365
20230528 0.000
20230529 0.030
20230530 0.312
20230531 0.811
20230601 0.669
20230602 0.748
20230603 0.807
20230604 0.681
20230605 0.797
20230606 0.828
20230607 0.945
20230608 0.500
20230609 0.695
20230610 0.828
20230611 0.750
20230612 0.974
20230613 0.454
20230614 0.000
20230615 0.000
20230616 0.000
20230617 0.000
20230618 0.000
20230619 0.098
20230620 0.988
20230621 1.000
20230622 1.000
20230623 1.000
20230624 0.783
20230625 0.000
20230626 0.012
20230627 0.579
20230628 0.634
20230629 0.928
20230630 0.383
20230701 0.339
20230702 0.576
20230703 0.528
20230704 0.762
20230705 0.813
20230706 0.587
20230707 0.666
20230708 0.836
20230709 0.811
20230710 0.867
20230711 0.712
20230712 0.502
20230713 0.632
20230714 0.587
20230715 0.600
20230716 0.825
20230717 0.965
20230718 1.000
20230719 1.000
20230720 1.000
20230721 1.000
20230722 1.000
20230723 1.000
20230724 1.000
20230725 1.000
20230726 1.000
20230727 0.690
20230728 0.000
20230729 0.000
20230730 0.000
20230731 0.000
20230801 0.000
20230802 0.000
20230803 0.000
20230804 0.000
20230805 0.000
20230806 0.000
20230807 0.000
20230808 0.000
20230809 0.000
20230810 0.000
20230811 0.000
20230812 0.000
20230813 0.000
20230814 0.000
20230815 0.000
20230816 0.000
20230817 0.000
20230818 0.000
20230819 0.000
20230820 0.000
20230821 0.348
20230822 1.000
20230823 1.000
20230824 1.000
20230825 0.983
20230826 1.000
20230827 1.000
20230828 1.000
20230829 1.000
20230830 0.535
20230831 0.162
20230901 0.209
20230902 0.300
20230903 0.207
20230904 0.004
20230905 0.000
20230906 0.545
20230907 0.884
20230908 0.250
20230909 0.000
20230910 0.000
20230911 0.346
20230912 0.907
20230913 0.370
20230914 0.225
20230915 0.233
20230916 0.283
20230917 0.000
20230918 0.391
20230919 0.000
20230920 0.265
20230921 0.000
20230922 0.000
20230923 0.000
20230924 0.288
20230925 0.788
20230926 0.128
20230927 0.473
20230928 0.105
20230929 0.393
20230930 0.347
20231001 0.482
20231002 0.576
20231003 0.675
20231004 0.370
20231005 0.513
20231006 0.624
20231007 1.000
20231008 1.000
20231009 1.000
20231010 0.543
20231011 0.505
20231012 0.635
20231013 0.685
20231014 0.904
20231015 0.619
20231016 0.544
20231017 0.531
20231018 0.172
20231019 0.429
20231020 0.580
20231021 0.667
20231022 0.765
20231023 0.603
20231024 0.530
20231025 0.592
20231026 0.628
20231027 0.540
20231028 0.617
20231029 0.764
20231030 0.304
20231031 0.758
20231101 0.000
20231102 0.000
20231103 0.000
20231104 0.000
20231105 0.000
20231106 0.000
20231107 0.000
20231108 0.000
20231109 0.000
20231110 0.000
20231111 0.000
20231112 0.000
20231113 0.000
20231114 0.000
20231115 0.000
20231116 0.000
20231117 0.000
20231118 0.000
20231119 0.000
20231120 0.000
20231121 0.000
20231122 0.000
20231123 0.000
20231124 0.000
20231125 0.000
20231126 0.000
20231127 0.000
20231128 0.000
20231129 0.000
20231130 0.000
20231201 0.000
20231202 0.000
20231203 0.000
20231204 0.000
20231205 0.000
20231206 0.000
20231207 0.000
20231208 0.000
20231209 0.000
20231210 0.000
20231211 0.000
20231212 0.000
20231213 0.000
20231214 0.000
20231215 0.000
20231216 0.000
20231217 0.000
20231218 0.000
20231219 0.000
20231220 0.000
20231221 0.000
20231222 0.000
20231223 0.000
20231224 0.000
20231225 0.000
20231226 0.000
20231227 0.000
20231228 0.000
20231229 0.000
20231230 0.000
20231231 0.000
20240101 0.000
20240102 0.000
20240103 0.000
20240104 0.000
20240105 0.000
20240106 0.000
20240107 0.000
20240108 0.000
20240109 0.000
20240110 0.000
20240111 0.000
20240112 0.000
20240113 0.000
20240114 0.000
20240115 0.000
20240116 0.000
20240117 0.000
20240118 0.000
20240119 0.000
20240120 0.000
20240121 0.000
20240122 0.000
20240123 0.000
20240124 0.000
20240125 0.000
20240126 0.000
20240127 0.000
20240128 0.000
20240129 0.000
20240130 0.000
20240131 0.000
20240201 0.000
20240202 0.000
20240203 0.000
20240204 0.000
20240205 0.000
20240206 0.000
20240207 0.000
20240208 0.000
20240209 0.000
20240210 0.000
20240211 0.000
20240212 0.000
20240213 0.000
20240214 0.000
20240215 0.505
20240216 1.000
20240217 1.000
20240218 1.000
20240219 0.697
20240220 0.236
20240221 1.000
20240222 1.000
20240223 1.000
20240224 1.000
20240225 1.000
20240226 1.000
20240227 1.000
20240228 0.837
20240229 1.000
20240301 1.000
20240302 1.000
20240303 1.000
20240304 1.000
20240305 0.874
20240306 1.000
20240307 0.519
20240308 0.452
20240309 0.000
20240310 0.000
20240311 0.270
20240312 0.231
20240313 0.000
20240314 0.000
20240315 0.000
20240316 0.000
20240317 0.000
20240318 0.239
20240319 0.063
20240320 0.335
20240321 0.270
20240322 0.000
20240323 0.124
20240324 0.050
20240325 0.122
20240326 0.840
20240327 0.025
20240328 0.000
20240329 0.051
20240330 0.742
20240331 0.373
20240401 0.607
20240402 0.000
20240403 0.000
20240404 0.000
20240405 0.226
20240406 0.610
20240407 0.869
20240408 0.866
20240409 0.359
20240410 0.297
20240411 0.259
20240412 0.357
20240413 0.856
20240414 0.449
20240415 0.756
20240416 0.377
20240417 0.670
20240418 0.613
20240419 0.484
20240420 0.912
20240421 0.909
20240422 1.000
20240423 0.605
20240424 1.000
20240425 0.807
20240426 0.673
20240427 0.799
20240428 0.914
20240429 0.898
20240430 0.625
20240501 0.436
20240502 0.288
20240503 0.631
20240504 0.821
20240505 0.798
20240506 0.670
20240507 0.900
20240508 0.689
20240509 0.875
20240510 0.926
20240511 0.934
20240512 0.849
20240513 0.264
20240514 0.256
20240515 0.000
20240516 0.353
20240517 1.000
20240518 0.545
20240519 0.458
20240520 0.712
20240521 0.741
20240522 0.711
20240523 0.729
20240524 0.870
20240525 0.847
20240526 0.860
20240527 0.840
20240528 0.406
20240529 0.827
20240530 0.933
20240531 0.875
20240601 0.682
20240602 0.736
20240603 0.446
20240604 0.899
20240605 0.532
20240606 0.241
20240607 0.000
20240608 0.000
20240609 0.000
20240610 0.574
20240611 1.000
20240612 1.000
20240613 1.000
20240614 0.767
20240615 0.203
20240616 0.135
20240617 0.361
20240618 0.643
20240619 0.299
20240620 0.720
20240621 0.617
20240622 0.847
20240623 0.852
20240624 0.371
20240625 0.206
20240626 0.245
20240627 0.314
20240628 0.957
20240629 0.723
20240630 0.810
20240701 0.740
20240702 0.810
20240703 0.703
20240704 0.824
20240705 0.795
20240706 0.772
20240707 0.621
20240708 0.911
20240709 0.799
20240710 0.732
20240711 0.686
20240712 0.781
20240713 0.788
20240714 0.736
20240715 0.673
20240716 0.691
20240717 0.856
20240718 0.891
20240719 0.676
20240720 0.759
20240721 0.911
20240722 0.843
20240723 0.698
20240724 0.737
20240725 0.838
20240726 0.732
20240727 0.905
20240728 0.838
20240729 0.698
20240730 0.722
20240731 0.800
20240801 0.605
20240802 0.933
20240803 0.792
20240804 0.862
20240805 0.928
20240806 0.684
20240807 0.914
20240808 0.697
20240809 0.767
20240810 0.073
20240811 0.733
20240812 0.824
20240813 0.655
20240814 0.809
20240815 0.823
20240816 0.778
20240817 0.777
20240818 0.743
20240819 0.259
20240820 0.000
20240821 0.000
20240822 0.000
20240823 0.214
20240824 0.862
20240825 0.853
20240826 0.733
20240827 0.992
20240828 0.797
20240829 0.811
20240830 0.767
20240831 0.725
20240901 0.840
20240902 1.000
20240903 0.713
20240904 0.850
20240905 0.675
20240906 0.746
20240907 0.748
20240908 0.836
20240909 0.805
20240910 0.784
20240911 0.565
20240912 0.873
20240913 0.674
20240914 0.856
20240915 0.865
20240916 0.786
20240917 0.833
20240918 0.842
20240919 0.385
20240920 0.849
20240921 0.871
20240922 0.734
20240923 1.000
20240924 1.000
20240925 0.894
20240926 0.689
20240927 0.000
20240928 0.000
20240929 0.000
20240930 0.000
20241001 0.565
20241002 0.735
20241003 0.639
20241004 0.832
20241005 0.925
20241006 0.685
20241007 0.739
20241008 0.827
20241009 0.752
20241010 0.607
20241011 0.944
20241012 0.816
20241013 0.797
20241014 0.514
20241015 0.682
20241016 0.417
20241017 0.000
20241018 0.000
20241019 0.000
20241020 0.000
20241021 0.000
20241022 0.563
20241023 0.708
20241024 0.589
20241025 0.018
20241026 0.000
20241027 0.000
20241028 0.418
20241029 0.735
20241030 0.762
20241031 0.812
20241101 0.859
20241102 0.726
20241103 0.935
20241104 0.436
20241105 0.191
20241106 0.280
20241107 0.616
20241108 0.726
20241109 0.657
20241110 0.543
20241111 0.486
20241112 0.799
20241113 0.841
20241114 0.149
20241115 0.629
20241116 0.747
20241117 0.712
20241118 0.284
20241119 0.481
20241120 0.845
20241121 0.595
20241122 0.492
20241123 0.865
20241124 0.591
20241125 0.180
20241126 0.000