20100301 0.563
20100302 0.000
20100303 0.000
20100304 0.434
20100305 0.000
20100306 0.652
20100307 0.213
20100308 0.331
20100309 0.000
20100310 0.000
20100311 0.711
20100312 0.538
20100313 0.000
20100314 0.000
20100315 0.583
20100316 1.000
20100317 1.000
20100318 0.733
20100319 0.000
20100320 0.000
20100321 0.000
20100322 0.435
20100323 0.000
20100324 0.291
20100325 0.307
20100326 0.157
20100327 0.625
20100328 0.130
20100329 0.050
20100330 1.000
20100331 1.000
20100401 0.285
20100402 1.000
20100403 1.000
20100404 1.000
20100405 1.000
20100406 0.804
20100407 0.305
20100408 0.600
20100409 0.391
20100410 0.782
20100411 0.318
20100412 0.821
20100413 1.000
20100414 0.744
20100415 0.681
20100416 0.835
20100417 1.000
20100418 0.849
20100419 0.507
20100420 0.671
20100421 0.085
20100422 0.000
20100423 0.173
20100424 1.000
20100425 0.915
20100426 0.603
20100427 0.073
20100428 0.961
20100429 0.239
20100430 0.172
20100501 0.218
20100502 0.543
20100503 0.608
20100504 0.809
20100505 0.404
20100506 0.304
20100507 0.361
20100508 0.657
20100509 1.000
20100510 0.604
20100511 0.986
20100512 0.000
20100513 0.000
20100514 0.542
20100515 1.000
20100516 1.000
20100517 1.000
20100518 1.000
20100519 1.000
20100520 0.924
20100521 1.000
20100522 1.000
20100523 1.000
20100524 1.000
20100525 1.000
20100526 0.923
20100527 0.877
20100528 0.655
20100529 0.104
20100530 0.000
20100531 0.000
20100601 0.000
20100602 0.349
20100603 1.000
20100604 0.938
20100605 1.000
20100606 1.000
20100607 1.000
20100608 0.806
20100609 1.000
20100610 1.000
20100611 0.461
20100612 0.000
20100613 0.000
20100614 0.000
20100615 0.000
20100616 0.609
20100617 1.000
20100618 1.000
20100619 1.000
20100620 1.000
20100621 1.000
20100622 1.000
20100623 1.000
20100624 1.000
20100625 1.000
20100626 1.000
20100627 1.000
20100628 1.000
20100629 1.000
20100630 1.000
20100701 1.000
20100702 1.000
20100703 1.000
20100704 1.000
20100705 1.000
20100706 1.000
20100707 1.000
20100708 1.000
20100709 0.837
20100710 0.895
20100711 0.351
20100712 1.000
20100713 1.000
20100714 1.000
20100715 1.000
20100716 1.000
20100717 1.000
20100718 1.000
20100719 0.369
20100720 0.207
20100721 0.994
20100722 1.000
20100723 1.000
20100724 1.000
20100725 1.000
20100726 1.000
20100727 1.000
20100728 1.000
20100729 1.000
20100730 1.000
20100731 1.000
20100801 1.000
20100802 1.000
20100803 1.000
20100804 1.000
20100805 1.000
20100806 1.000
20100807 1.000
20100808 1.000
20100809 1.000
20100810 1.000
20100811 1.000
20100812 1.000
20100813 1.000
20100814 1.000
20100815 1.000
20100816 0.879
20100817 1.000
20100818 1.000
20100819 1.000
20100820 1.000
20100821 1.000
20100822 1.000
20100823 1.000
20100824 1.000
20100825 1.000
20100826 1.000
20100827 0.938
20100828 1.000
20100829 1.000
20100830 0.429
20100831 0.000
20100901 0.312
20100902 1.000
20100903 0.509
20100904 0.000
20100905 0.000
20100906 0.000
20100907 0.000
20100908 0.172
20100909 0.000
20100910 0.139
20100911 0.000
20100912 0.000
20100913 0.149
20100914 0.072
20100915 0.000
20100916 0.627
20100917 1.000
20100918 0.756
20100919 0.000
20100920 0.288
20100921 1.000
20100922 1.000
20100923 1.000
20100924 1.000
20100925 1.000
20100926 1.000
20100927 1.000
20100928 1.000
20100929 1.000
20100930 1.000
20101001 0.887
20101002 1.000
20101003 1.000
20101004 1.000
20101005 1.000
20101006 1.000
20101007 1.000
20101008 1.000
20101009 1.000
20101010 0.845
20101011 1.000
20101012 1.000
20101013 0.451
20101014 0.829
20101015 1.000
20101016 1.000
20101017 1.000
20101018 1.000
20101019 0.340
20101020 0.000
20101021 0.400
20101022 1.000
20101023 1.000
20101024 1.000
20101025 1.000
20101026 1.000
20101027 0.892
20101028 1.000
20101029 1.000
20101030 1.000
20101031 1.000
20101101 1.000
20101102 1.000
20101103 1.000
20101104 0.805
20101105 0.598
20101106 1.000
20101107 1.000
20101108 1.000
20101109 1.000
20101110 1.000
20101111 1.000
20101112 1.000
20101113 1.000
20101114 1.000
20101115 0.989
20101116 0.984
20101117 1.000
20101118 1.000
20101119 1.000
20101120 0.879
20101121 1.000
20101122 1.000
20101123 1.000
20101124 1.000
20101125 1.000
20101126 1.000
20101127 1.000
20101128 1.000
20101129 1.000
20101130 1.000
20101201 1.000
20101202 1.000
20101203 1.000
20101204 1.000
20101205 1.000
20101206 1.000
20101207 1.000
20101208 0.337
20101209 0.000
20101210 0.000
20101211 0.000
20101212 0.000
20101213 0.000
20101214 0.000
20101215 0.000
20101216 0.000
20101217 0.000
20101218 0.000
20101219 0.000
20101220 0.000
20101221 0.000
20101222 0.000
20101223 0.000
20101224 0.000
20101225 0.000
20101226 0.000
20101227 0.000
20101228 0.000
20101229 0.000
20101230 0.000
20101231 0.000
20110101 0.000
20110102 0.000
20110103 0.000
20110104 0.000
20110105 0.000
20110106 0.000
20110107 0.000
20110108 0.000
20110109 0.000
20110110 0.000
20110111 0.000
20110112 0.000
20110113 0.000
20110114 0.000
20110115 0.000
20110116 0.000
20110117 0.000
20110118 0.000
20110119 0.000
20110120 0.000
20110121 0.000
20110122 0.000
20110123 0.000
20110124 0.000
20110125 0.000
20110126 0.000
20110127 0.000
20110128 0.000
20110129 0.000
20110130 0.000
20110131 0.000
20110201 0.000
20110202 0.000
20110203 0.000
20110204 0.000
20110205 0.000
20110206 0.000
20110207 0.000
20110208 0.000
20110209 0.000
20110210 0.000
20110211 0.000
20110212 0.000
20110213 0.000
20110214 0.125
20110215 1.000
20110216 1.000
20110217 1.000
20110218 1.000
20110219 0.843
20110220 0.000
20110221 0.077
20110222 0.000
20110223 0.000
20110224 0.000
20110225 0.453
20110226 0.000
20110227 0.000
20110228 0.000
20110301 0.000
20110302 0.202
20110303 0.285
20110304 0.024
20110305 0.000
20110306 0.000
20110307 0.150
20110308 0.000
20110309 0.480
20110310 0.000
20110311 0.000
20110312 0.000
20110313 0.521
20110314 0.902
20110315 1.000
20110316 1.000
20110317 1.000
20110318 1.000
20110319 1.000
20110320 1.000
20110321 1.000
20110322 1.000
20110323 1.000
20110324 1.000
20110325 0.996
20110326 1.000
20110327 0.936
20110328 0.825
20110329 0.903
20110330 0.903
20110331 0.978
20110401 0.692
20110402 0.000
20110403 0.000
20110404 0.000
20110405 0.000
20110406 0.258
20110407 0.892
20110408 0.968
20110409 0.000
20110410 0.000
20110411 0.075
20110412 0.203
20110413 0.718
20110414 1.000
20110415 1.000
20110416 1.000
20110417 1.000
20110418 0.638
20110419 0.913
20110420 1.000
20110421 1.000
20110422 1.000
20110423 1.000
20110424 1.000
20110425 1.000
20110426 1.000
20110427 1.000
20110428 1.000
20110429 0.940
20110430 1.000
20110501 1.000
20110502 1.000
20110503 1.000
20110504 0.516
20110505 0.000
20110506 0.000
20110507 0.000
20110508 0.000
20110509 0.000
20110510 0.000
20110511 0.227
20110512 1.000
20110513 1.000
20110514 1.000
20110515 1.000
20110516 1.000
20110517 1.000
20110518 1.000
20110519 1.000
20110520 1.000
20110521 1.000
20110522 1.000
20110523 1.000
20110524 1.000
20110525 0.940
20110526 0.996
20110527 1.000
20110528 1.000
20110529 1.000
20110530 1.000
20110531 0.829
20110601 0.978
20110602 1.000
20110603 1.000
20110604 1.000
20110605 1.000
20110606 1.000
20110607 1.000
20110608 1.000
20110609 1.000
20110610 1.000
20110611 1.000
20110612 1.000
20110613 1.000
20110614 1.000
20110615 1.000
20110616 1.000
20110617 1.000
20110618 1.000
20110619 1.000
20110620 1.000
20110621 0.984
20110622 0.691
20110623 0.635
20110624 1.000
20110625 1.000
20110626 1.000
20110627 1.000
20110628 1.000
20110629 0.394
20110630 0.000
20110701 0.166
20110702 0.000
20110703 0.000
20110704 0.250
20110705 0.000
20110706 0.280
20110707 1.000
20110708 1.000
20110709 1.000
20110710 0.482
20110711 0.361
20110712 0.938
20110713 1.000
20110714 1.000
20110715 1.000
20110716 1.000
20110717 1.000
20110718 1.000
20110719 1.000
20110720 1.000
20110721 1.000
20110722 1.000
20110723 1.000
20110724 1.000
20110725 1.000
20110726 1.000
20110727 1.000
20110728 0.923
20110729 0.947
20110730 0.939
20110731 1.000
20110801 0.982
20110802 0.954
20110803 1.000
20110804 1.000
20110805 1.000
20110806 1.000
20110807 1.000
20110808 1.000
20110809 1.000
20110810 1.000
20110811 1.000
20110812 1.000
20110813 1.000
20110814 1.000
20110815 1.000
20110816 1.000
20110817 1.000
20110818 0.750
20110819 0.997
20110820 1.000
20110821 1.000
20110822 1.000
20110823 1.000
20110824 0.234
20110825 0.000
20110826 0.000
20110827 0.000
20110828 0.000
20110829 0.667
20110830 0.612
20110831 1.000
20110901 1.000
20110902 0.893
20110903 0.000
20110904 0.000
20110905 0.000
20110906 0.000
20110907 0.619
20110908 1.000
20110909 1.000
20110910 1.000
20110911 1.000
20110912 1.000
20110913 1.000
20110914 1.000
20110915 1.000
20110916 0.780
20110917 1.000
20110918 1.000
20110919 1.000
20110920 1.000
20110921 1.000
20110922 1.000
20110923 1.000
20110924 1.000
20110925 1.000
20110926 1.000
20110927 1.000
20110928 1.000
20110929 1.000
20110930 1.000
20111001 1.000
20111002 1.000
20111003 1.000
20111004 1.000
20111005 1.000
20111006 0.702
20111007 1.000
20111008 0.944
20111009 1.000
20111010 1.000
20111011 1.000
20111012 1.000
20111013 1.000
20111014 1.000
20111015 1.000
20111016 1.000
20111017 1.000
20111018 1.000
20111019 1.000
20111020 1.000
20111021 1.000
20111022 1.000
20111023 1.000
20111024 1.000
20111025 1.000
20111026 1.000
20111027 1.000
20111028 1.000
20111029 1.000
20111030 0.894
20111031 0.000
20111101 0.248
20111102 0.661
20111103 0.282
20111104 0.768
20111105 0.000
20111106 0.392
20111107 0.741
20111108 0.000
20111109 0.270
20111110 0.979
20111111 1.000
20111112 1.000
20111113 1.000
20111114 1.000
20111115 1.000
20111116 0.811
20111117 1.000
20111118 1.000
20111119 1.000
20111120 1.000
20111121 1.000
20111122 1.000
20111123 1.000
20111124 1.000
20111125 1.000
20111126 1.000
20111127 1.000
20111128 1.000
20111129 1.000
20111130 1.000
20111201 1.000
20111202 1.000
20111203 1.000
20111204 1.000
20111205 0.694
20111206 0.605
20111207 0.898
20111208 0.440
20111209 0.000
20111210 0.000
20111211 0.000
20111212 0.000
20111213 0.000
20111214 0.000
20111215 0.000
20111216 0.000
20111217 0.000
20111218 0.000
20111219 0.000
20111220 0.000
20111221 0.000
20111222 0.000
20111223 0.000
20111224 0.000
20111225 0.000
20111226 0.000
20111227 0.000
20111228 0.000
20111229 0.000
20111230 0.000
20111231 0.000
20120101 0.000
20120102 0.000
20120103 0.000
20120104 0.000
20120105 0.000
20120106 0.000
20120107 0.000
20120108 0.000
20120109 0.000
20120110 0.000
20120111 0.000
20120112 0.000
20120113 0.000
20120114 0.000
20120115 0.000
20120116 0.000
20120117 0.000
20120118 0.000
20120119 0.000
20120120 0.000
20120121 0.000
20120122 0.000
20120123 0.000
20120124 0.000
20120125 0.000
20120126 0.000
20120127 0.000
20120128 0.000
20120129 0.000
20120130 0.000
20120131 0.000
20120201 0.000
20120202 0.000
20120203 0.000
20120204 0.000
20120205 0.000
20120206 0.000
20120207 0.000
20120208 0.000
20120209 0.272
20120210 0.114
20120211 0.000
20120212 0.000
20120213 0.333
20120214 1.000
20120215 1.000
20120216 0.943
20120217 0.445
20120218 0.000
20120219 0.000
20120220 0.578
20120221 1.000
20120222 1.000
20120223 1.000
20120224 1.000
20120225 1.000
20120226 1.000
20120227 1.000
20120228 1.000
20120229 0.779
20120301 0.000
20120302 0.037
20120303 1.000
20120304 1.000
20120305 1.000
20120306 0.954
20120307 0.960
20120308 0.377
20120309 0.982
20120310 1.000
20120311 1.000
20120312 0.558
20120313 0.524
20120314 0.532
20120315 0.000
20120316 0.000
20120317 0.000
20120318 0.000
20120319 0.000
20120320 0.000
20120321 0.000
20120322 0.000
20120323 0.661
20120324 1.000
20120325 0.688
20120326 0.478
20120327 0.227
20120328 0.479
20120329 0.000
20120330 0.000
20120331 0.000
20120401 0.000
20120402 0.615
20120403 1.000
20120404 1.000
20120405 1.000
20120406 0.998
20120407 1.000
20120408 1.000
20120409 1.000
20120410 1.000
20120411 1.000
20120412 1.000
20120413 1.000
20120414 1.000
20120415 1.000
20120416 1.000
20120417 0.901
20120418 0.831
20120419 1.000
20120420 1.000
20120421 0.286
20120422 0.000
20120423 0.000
20120424 0.000
20120425 0.000
20120426 0.306
20120427 0.779
20120428 1.000
20120429 1.000
20120430 0.917
20120501 0.959
20120502 1.000
20120503 1.000
20120504 1.000
20120505 1.000
20120506 1.000
20120507 1.000
20120508 1.000
20120509 1.000
20120510 1.000
20120511 1.000
20120512 1.000
20120513 1.000
20120514 1.000
20120515 1.000
20120516 1.000
20120517 1.000
20120518 1.000
20120519 1.000
20120520 1.000
20120521 1.000
20120522 1.000
20120523 1.000
20120524 0.906
20120525 1.000
20120526 1.000
20120527 1.000
20120528 1.000
20120529 1.000
20120530 1.000
20120531 1.000
20120601 1.000
20120602 1.000
20120603 1.000
20120604 1.000
20120605 1.000
20120606 1.000
20120607 1.000
20120608 1.000
20120609 1.000
20120610 1.000
20120611 1.000
20120612 1.000
20120613 1.000
20120614 1.000
20120615 1.000
20120616 1.000
20120617 1.000
20120618 0.862
20120619 0.000
20120620 0.000
20120621 0.000
20120622 0.000
20120623 0.000
20120624 0.000
20120625 0.630
20120626 0.795
20120627 0.646
20120628 0.962
20120629 1.000
20120630 1.000
20120701 1.000
20120702 1.000
20120703 1.000
20120704 1.000
20120705 1.000
20120706 1.000
20120707 1.000
20120708 1.000
20120709 1.000
20120710 0.320
20120711 0.377
20120712 1.000
20120713 1.000
20120714 1.000
20120715 1.000
20120716 1.000
20120717 1.000
20120718 1.000
20120719 1.000
20120720 1.000
20120721 1.000
20120722 1.000
20120723 1.000
20120724 1.000
20120725 1.000
20120726 1.000
20120727 1.000
20120728 1.000
20120729 1.000
20120730 1.000
20120731 1.000
20120801 1.000
20120802 1.000
20120803 1.000
20120804 0.785
20120805 1.000
20120806 1.000
20120807 1.000
20120808 1.000
20120809 1.000
20120810 0.722
20120811 0.521
20120812 0.595
20120813 1.000
20120814 0.825
20120815 1.000
20120816 1.000
20120817 0.967
20120818 1.000
20120819 1.000
20120820 1.000
20120821 1.000
20120822 1.000
20120823 1.000
20120824 1.000
20120825 1.000
20120826 1.000
20120827 1.000
20120828 1.000
20120829 1.000
20120830 1.000
20120831 1.000
20120901 1.000
20120902 1.000
20120903 1.000
20120904 1.000
20120905 1.000
20120906 0.827
20120907 1.000
20120908 1.000
20120909 1.000
20120910 1.000
20120911 1.000
20120912 1.000
20120913 1.000
20120914 1.000
20120915 1.000
20120916 1.000
20120917 0.879
20120918 0.000
20120919 0.000
20120920 0.274
20120921 1.000
20120922 1.000
20120923 1.000
20120924 1.000
20120925 1.000
20120926 1.000
20120927 1.000
20120928 0.867
20120929 1.000
20120930 1.000
20121001 1.000
20121002 1.000
20121003 1.000
20121004 1.000
20121005 1.000
20121006 1.000
20121007 1.000
20121008 0.368
20121009 0.000
20121010 0.000
20121011 0.105
20121012 0.312
20121013 0.692
20121014 1.000
20121015 1.000
20121016 1.000
20121017 1.000
20121018 1.000
20121019 0.870
20121020 1.000
20121021 1.000
20121022 1.000
20121023 1.000
20121024 1.000
20121025 1.000
20121026 1.000
20121027 1.000
20121028 1.000
20121029 1.000
20121030 1.000
20121031 1.000
20121101 1.000
20121102 1.000
20121103 1.000
20121104 1.000
20121105 1.000
20121106 1.000
20121107 1.000
20121108 1.000
20121109 1.000
20121110 1.000
20121111 1.000
20121112 1.000
20121113 1.000
20121114 1.000
20121115 0.930
20121116 1.000
20121117 1.000
20121118 1.000
20121119 1.000
20121120 0.406
20121121 1.000
20121122 1.000
20121123 1.000
20121124 1.000
20121125 1.000
20121126 0.333
20121127 0.000
20121128 0.000
20121129 0.604
20121130 1.000
20121201 1.000
20121202 1.000
20121203 1.000
20121204 1.000
20121205 1.000
20121206 0.444
20121207 0.000
20121208 0.000
20121209 0.000
20121210 0.000
20121211 0.000
20121212 0.000
20121213 0.000
20121214 0.000
20121215 0.529
20121216 1.000
20121217 1.000
20121218 0.648
20121219 0.000
20121220 0.000
20121221 0.000
20121222 0.000
20121223 0.000
20121224 0.000
20121225 0.000
20121226 0.000
20121227 0.000
20121228 0.000
20121229 0.000
20121230 0.000
20121231 0.000
20130101 0.000
20130102 0.000
20130103 0.000
20130104 0.000
20130105 0.000
20130106 0.000
20130107 0.554
20130108 1.000
20130109 1.000
20130110 1.000
20130111 1.000
20130112 0.803
20130113 0.573
20130114 1.000
20130115 1.000
20130116 1.000
20130117 1.000
20130118 1.000
20130119 1.000
20130120 1.000
20130121 1.000
20130122 1.000
20130123 1.000
20130124 1.000
20130125 1.000
20130126 1.000
20130127 1.000
20130128 1.000
20130129 0.931
20130130 1.000
20130131 1.000
20130201 1.000
20130202 1.000
20130203 1.000
20130204 1.000
20130205 1.000
20130206 1.000
20130207 1.000
20130208 1.000
20130209 1.000
20130210 1.000
20130211 1.000
20130212 1.000
20130213 1.000
20130214 0.401
20130215 0.000
20130216 0.567
20130217 1.000
20130218 0.666
20130219 0.000
20130220 0.000
20130221 0.000
20130222 0.000
20130223 0.000
20130224 0.000
20130225 0.000
20130226 0.000
20130227 0.000
20130228 0.000
20130301 0.000
20130302 0.000
20130303 0.000
20130304 0.000
20130305 0.000
20130306 0.000
20130307 0.000
20130308 0.000
20130309 0.000
20130310 0.000
20130311 0.000
20130312 0.000
20130313 0.000
20130314 0.000
20130315 0.000
20130316 0.000
20130317 0.000
20130318 0.000
20130319 0.000
20130320 0.000
20130321 0.000
20130322 0.000
20130323 0.000
20130324 0.000
20130325 0.000
20130326 0.000
20130327 0.000
20130328 0.000
20130329 0.000
20130330 0.000
20130331 0.000
20130401 0.000
20130402 0.000
20130403 0.000
20130404 0.000
20130405 0.000
20130406 0.000
20130407 0.000
20130408 0.000
20130409 0.000
20130410 0.000
20130411 0.000
20130412 0.000
20130413 0.000
20130414 0.000
20130415 0.000
20130416 0.000
20130417 0.000
20130418 0.000
20130419 0.000
20130420 0.000
20130421 0.000
20130422 0.000
20130423 0.000
20130424 0.000
20130425 0.000
20130426 0.000
20130427 0.000
20130428 0.000
20130429 0.000
20130430 0.000
20130501 0.000
20130502 0.000
20130503 0.000
20130504 0.000
20130505 0.000
20130506 0.000
20130507 0.000
20130508 0.000
20130509 0.000
20130510 0.000
20130511 0.000
20130512 0.000
20130513 0.000
20130514 0.000
20130515 0.000
20130516 0.000
20130517 0.000
20130518 0.000
20130519 0.000
20130520 0.000
20130521 0.000
20130522 0.000
20130523 0.000
20130524 0.000
20130525 0.000
20130526 0.000
20130527 0.000
20130528 0.000
20130529 0.000
20130530 0.000
20130531 0.000
20130601 0.000
20130602 0.000
20130603 0.000
20130604 0.000
20130605 0.000
20130606 0.000
20130607 0.000
20130608 0.000
20130609 0.000
20130610 0.000
20130611 0.000
20130612 0.000
20130613 0.000
20130614 0.000
20130615 0.000
20130616 0.000
20130617 0.000
20130618 0.000
20130619 0.000
20130620 0.000
20130621 0.000
20130622 0.000
20130623 0.000
20130624 0.000
20130625 0.000
20130626 0.000
20130627 0.000
20130628 0.000
20130629 0.000
20130630 0.000
20130701 0.000
20130702 0.000
20130703 0.000
20130704 0.000
20130705 0.000
20130706 0.000
20130707 0.000
20130708 0.000
20130709 0.000
20130710 0.000
20130711 0.000
20130712 0.000
20130713 0.000
20130714 0.000
20130715 0.000
20130716 0.000
20130717 0.000
20130718 0.000
20130719 0.000
20130720 0.000
20130721 0.000
20130722 0.000
20130723 0.000
20130724 0.000
20130725 0.000
20130726 0.000
20130727 0.000
20130728 0.000
20130729 0.000
20130730 0.000
20130731 0.000
20130801 0.000
20130802 0.000
20130803 0.000
20130804 0.000
20130805 0.000
20130806 0.000
20130807 0.000
20130808 0.000
20130809 0.000
20130810 0.000
20130811 0.000
20130812 0.000
20130813 0.000
20130814 0.000
20130815 0.000
20130816 0.000
20130817 0.000
20130818 0.000
20130819 0.000
20130820 0.000
20130821 0.000
20130822 0.000
20130823 0.000
20130824 0.000
20130825 0.000
20130826 0.000
20130827 0.000
20130828 0.000
20130829 0.000
20130830 0.000
20130831 0.000
20130901 0.000
20130902 0.000
20130903 0.000
20130904 0.000
20130905 0.000
20130906 0.000
20130907 0.000
20130908 0.000
20130909 0.000
20130910 0.000
20130911 0.000
20130912 0.000
20130913 0.000
20130914 0.000
20130915 0.000
20130916 0.000
20130917 0.000
20130918 0.000
20130919 0.000
20130920 0.000
20130921 0.000
20130922 0.000
20130923 0.000
20130924 0.000
20130925 0.000
20130926 0.000
20130927 0.000
20130928 0.000
20130929 0.000
20130930 0.000
20131001 0.000
20131002 0.000
20131003 0.000
20131004 0.000
20131005 0.000
20131006 0.000
20131007 0.000
20131008 0.000
20131009 0.000
20131010 0.000
20131011 0.000
20131012 0.000
20131013 0.000
20131014 0.397
20131015 1.000
20131016 1.000
20131017 0.991
20131018 1.000
20131019 1.000
20131020 1.000
20131021 1.000
20131022 0.896
20131023 0.999
20131024 0.832
20131025 1.000
20131026 1.000
20131027 1.000
20131028 0.378
20131029 0.000
20131030 0.000
20131031 0.248
20131101 1.000
20131102 0.634
20131103 1.000
20131104 0.980
20131105 1.000
20131106 0.990
20131107 0.986
20131108 0.807
20131109 0.000
20131110 0.000
20131111 0.000
20131112 0.000
20131113 0.000
20131114 0.000
20131115 0.000
20131116 0.000
20131117 0.000
20131118 0.000
20131119 0.000
20131120 0.000
20131121 0.000
20131122 0.000
20131123 0.000
20131124 0.000
20131125 0.000
20131126 0.000
20131127 0.000
20131128 0.000
20131129 0.000
20131130 0.000
20131201 0.000
20131202 0.000
20131203 0.000
20131204 0.000
20131205 0.000
20131206 0.000
20131207 0.000
20131208 0.000
20131209 0.000
20131210 0.000
20131211 0.000
20131212 0.000
20131213 0.000
20131214 0.000
20131215 0.000
20131216 0.000
20131217 0.000
20131218 0.000
20131219 0.000
20131220 0.000
20131221 0.000
20131222 0.000
20131223 0.000
20131224 0.000
20131225 0.000
20131226 0.000
20131227 0.000
20131228 0.000
20131229 0.000
20131230 0.000
20131231 0.000
20140101 0.000
20140102 0.000
20140103 0.000
20140104 0.000
20140105 0.000
20140106 0.000
20140107 0.000
20140108 0.000
20140109 0.000
20140110 0.000
20140111 0.000
20140112 0.000
20140113 0.000
20140114 0.395
20140115 0.754
20140116 0.000
20140117 0.000
20140118 0.000
20140119 0.000
20140120 0.000
20140121 0.000
20140122 0.000
20140123 0.000
20140124 0.000
20140125 0.000
20140126 0.000
20140127 0.000
20140128 0.000
20140129 0.000
20140130 0.000
20140131 0.000
20140201 0.000
20140202 0.000
20140203 0.000
20140204 0.000
20140205 0.262
20140206 0.561
20140207 1.000
20140208 0.540
20140209 0.301
20140210 0.557
20140211 1.000
20140212 1.000
20140213 1.000
20140214 1.000
20140215 1.000
20140216 1.000
20140217 0.756
20140218 1.000
20140219 1.000
20140220 0.770
20140221 1.000
20140222 0.748
20140223 0.000
20140224 0.000
20140225 0.000
20140226 0.000
20140227 0.000
20140228 0.000
20140301 0.000
20140302 0.000
20140303 0.000
20140304 0.249
20140305 1.000
20140306 1.000
20140307 1.000
20140308 1.000
20140309 1.000
20140310 1.000
20140311 1.000
20140312 0.985
20140313 1.000
20140314 1.000
20140315 1.000
20140316 1.000
20140317 1.000
20140318 1.000
20140319 0.813
20140320 1.000
20140321 1.000
20140322 0.422
20140323 0.000
20140324 0.577
20140325 1.000
20140326 1.000
20140327 1.000
20140328 1.000
20140329 1.000
20140330 1.000
20140331 1.000
20140401 1.000
20140402 0.687
20140403 0.000
20140404 0.000
20140405 0.000
20140406 0.000
20140407 0.312
20140408 1.000
20140409 0.787
20140410 1.000
20140411 1.000
20140412 1.000
20140413 1.000
20140414 1.000
20140415 0.334
20140416 1.000
20140417 0.743
20140418 0.000
20140419 0.000
20140420 0.000
20140421 0.000
20140422 0.000
20140423 0.000
20140424 0.000
20140425 0.000
20140426 0.000
20140427 0.000
20140428 0.000
20140429 0.000
20140430 0.000
20140501 0.000
20140502 0.000
20140503 0.000
20140504 0.000
20140505 0.000
20140506 0.000
20140507 0.000
20140508 0.000
20140509 0.000
20140510 0.000
20140511 0.000
20140512 0.000
20140513 0.000
20140514 0.000
20140515 0.000
20140516 0.000
20140517 0.000
20140518 0.000
20140519 0.000
20140520 0.000
20140521 0.000
20140522 0.000
20140523 0.000
20140524 0.000
20140525 0.000
20140526 0.000
20140527 0.000
20140528 0.000
20140529 0.000
20140530 0.000
20140531 0.000
20140601 0.000
20140602 0.000
20140603 0.000
20140604 0.000
20140605 0.000
20140606 0.000
20140607 0.000
20140608 0.000
20140609 0.000
20140610 0.000
20140611 0.000
20140612 0.000
20140613 0.000
20140614 0.000
20140615 0.000
20140616 0.000
20140617 0.000
20140618 0.000
20140619 0.000
20140620 0.000
20140621 0.000
20140622 0.000
20140623 0.000
20140624 0.000
20140625 0.000
20140626 0.000
20140627 0.000
20140628 0.000
20140629 0.000
20140630 0.000
20140701 0.000
20140702 0.000
20140703 0.013
20140704 0.000
20140705 0.000
20140706 0.000
20140707 0.000
20140708 0.000
20140709 0.000
20140710 0.000
20140711 0.000
20140712 0.000
20140713 0.000
20140714 0.537
20140715 0.608
20140716 0.261
20140717 1.000
20140718 0.970
20140719 1.000
20140720 1.000
20140721 1.000
20140722 0.633
20140723 0.996
20140724 1.000
20140725 1.000
20140726 1.000
20140727 1.000
20140728 1.000
20140729 0.827
20140730 0.500
20140731 0.500
20140801 0.500
20140802 0.500
20140803 0.500
20140804 0.500
20140805 0.223
20140806 0.000
20140807 0.000
20140808 0.000
20140809 0.000
20140810 0.000
20140811 0.000
20140812 0.000
20140813 0.000
20140814 0.000
20140815 0.000
20140816 0.000
20140817 0.000
20140818 0.000
20140819 0.000
20140820 0.000
20140821 0.000
20140822 0.000
20140823 0.000
20140824 0.000
20140825 0.000
20140826 0.331
20140827 0.938
20140828 1.000
20140829 1.000
20140830 1.000
20140831 0.532
20140901 0.000
20140902 0.000
20140903 0.000
20140904 0.000
20140905 0.000
20140906 0.000
20140907 0.000
20140908 0.000
20140909 0.000
20140910 0.000
20140911 0.000
20140912 0.000
20140913 0.000
20140914 0.000
20140915 0.000
20140916 0.000
20140917 0.000
20140918 0.000
20140919 0.000
20140920 0.000
20140921 0.000
20140922 0.000
20140923 0.000
20140924 0.000
20140925 0.491
20140926 1.000
20140927 1.000
20140928 1.000
20140929 1.000
20140930 0.887
20141001 0.000
20141002 0.000
20141003 0.000
20141004 0.000
20141005 0.000
20141006 0.000
20141007 0.000
20141008 0.144
20141009 0.683
20141010 0.135
20141011 0.000
20141012 0.000
20141013 0.347
20141014 1.000
20141015 0.662
20141016 0.480
20141017 0.000
20141018 0.000
20141019 0.000
20141020 0.497
20141021 1.000
20141022 1.000
20141023 1.000
20141024 1.000
20141025 1.000
20141026 1.000
20141027 1.000
20141028 1.000
20141029 1.000
20141030 1.000
20141031 1.000
20141101 1.000
20141102 1.000
20141103 1.000
20141104 1.000
20141105 1.000
20141106 1.000
20141107 1.000
20141108 1.000
20141109 1.000
20141110 1.000
20141111 1.000
20141112 1.000
20141113 1.000
20141114 1.000
20141115 1.000
20141116 1.000
20141117 1.000
20141118 1.000
20141119 1.000
20141120 0.826
20141121 1.000
20141122 1.000
20141123 1.000
20141124 0.371
20141125 0.000
20141126 0.000
20141127 0.000
20141128 0.000
20141129 0.000
20141130 0.000
20141201 0.000
20141202 0.000
20141203 0.000
20141204 0.000
20141205 0.000
20141206 0.000
20141207 0.000
20141208 0.000
20141209 0.000
20141210 0.000
20141211 0.000
20141212 0.000
20141213 0.000
20141214 0.000
20141215 0.000
20141216 0.000
20141217 0.000
20141218 0.000
20141219 0.000
20141220 0.000
20141221 0.000
20141222 0.000
20141223 0.000
20141224 0.000
20141225 0.000
20141226 0.000
20141227 0.000
20141228 0.000
20141229 0.000
20141230 0.000
20141231 0.000
20150101 0.000
20150102 0.000
20150103 0.000
20150104 0.000
20150105 0.259
20150106 0.671
20150107 0.333
20150108 1.000
20150109 1.000
20150110 1.000
20150111 0.837
20150112 0.000
20150113 0.597
20150114 1.000
20150115 1.000
20150116 1.000
20150117 1.000
20150118 0.699
20150119 0.000
20150120 0.000
20150121 0.000
20150122 0.000
20150123 0.000
20150124 0.000
20150125 0.000
20150126 0.000
20150127 0.000
20150128 0.000
20150129 0.000
20150130 0.600
20150131 1.000
20150201 1.000
20150202 1.000
20150203 0.996
20150204 1.000
20150205 1.000
20150206 0.889
20150207 0.000
20150208 0.000
20150209 0.000
20150210 0.313
20150211 1.000
20150212 1.000
20150213 1.000
20150214 1.000
20150215 1.000
20150216 1.000
20150217 1.000
20150218 1.000
20150219 1.000
20150220 1.000
20150221 1.000
20150222 1.000
20150223 1.000
20150224 1.000
20150225 1.000
20150226 1.000
20150227 1.000
20150228 1.000
20150301 1.000
20150302 1.000
20150303 1.000
20150304 1.000
20150305 1.000
20150306 1.000
20150307 1.000
20150308 1.000
20150309 1.000
20150310 1.000
20150311 1.000
20150312 0.966
20150313 1.000
20150314 1.000
20150315 1.000
20150316 1.000
20150317 0.595
20150318 1.000
20150319 1.000
20150320 1.000
20150321 1.000
20150322 1.000
20150323 1.000
20150324 1.000
20150325 1.000
20150326 1.000
20150327 1.000
20150328 1.000
20150329 1.000
20150330 1.000
20150331 1.000
20150401 1.000
20150402 1.000
20150403 1.000
20150404 0.669
20150405 0.000
20150406 0.000
20150407 0.000
20150408 0.000
20150409 0.000
20150410 0.000
20150411 0.000
20150412 0.000
20150413 0.000
20150414 0.000
20150415 0.000
20150416 0.000
20150417 0.000
20150418 0.000
20150419 0.000
20150420 0.000
20150421 0.000
20150422 0.000
20150423 0.000
20150424 0.000
20150425 0.098
20150426 0.000
20150427 0.000
20150428 0.348
20150429 0.000
20150430 0.000
20150501 0.000
20150502 0.000
20150503 0.000
20150504 0.377
20150505 1.000
20150506 0.954
20150507 0.582
20150508 0.000
20150509 0.000
20150510 0.000
20150511 0.000
20150512 0.000
20150513 0.000
20150514 0.000
20150515 0.000
20150516 0.000
20150517 0.000
20150518 0.000
20150519 0.000
20150520 0.409
20150521 0.703
20150522 0.000
20150523 0.000
20150524 0.000
20150525 0.000
20150526 0.472
20150527 1.000
20150528 1.000
20150529 0.514
20150530 1.000
20150531 1.000
20150601 1.000
20150602 1.000
20150603 1.000
20150604 1.000
20150605 1.000
20150606 1.000
20150607 1.000
20150608 1.000
20150609 1.000
20150610 1.000
20150611 1.000
20150612 1.000
20150613 1.000
20150614 0.887
20150615 0.000
20150616 0.000
20150617 0.000
20150618 0.000
20150619 0.472
20150620 1.000
20150621 0.916
20150622 0.939
20150623 1.000
20150624 0.535
20150625 0.000
20150626 0.000
20150627 0.000
20150628 0.000
20150629 0.000
20150630 0.225
20150701 0.207
20150702 0.000
20150703 0.067
20150704 0.194
20150705 1.000
20150706 0.477
20150707 0.582
20150708 1.000
20150709 1.000
20150710 0.994
20150711 1.000
20150712 1.000
20150713 1.000
20150714 1.000
20150715 1.000
20150716 1.000
20150717 1.000
20150718 1.000
20150719 1.000
20150720 0.628
20150721 0.000
20150722 0.000
20150723 0.032
20150724 0.000
20150725 0.000
20150726 0.000
20150727 0.000
20150728 0.267
20150729 0.000
20150730 0.000
20150731 0.000
20150801 0.000
20150802 0.000
20150803 0.000
20150804 0.000
20150805 0.000
20150806 0.127
20150807 0.048
20150808 0.073
20150809 0.497
20150810 0.649
20150811 0.826
20150812 1.000
20150813 1.000
20150814 1.000
20150815 1.000
20150816 1.000
20150817 1.000
20150818 1.000
20150819 1.000
20150820 1.000
20150821 1.000
20150822 1.000
20150823 1.000
20150824 1.000
20150825 1.000
20150826 0.514
20150827 0.000
20150828 0.000
20150829 0.000
20150830 0.000
20150831 0.222
20150901 0.000
20150902 0.000
20150903 0.315
20150904 1.000
20150905 1.000
20150906 1.000
20150907 1.000
20150908 1.000
20150909 1.000
20150910 1.000
20150911 0.803
20150912 1.000
20150913 1.000
20150914 1.000
20150915 0.372
20150916 1.000
20150917 1.000
20150918 1.000
20150919 1.000
20150920 1.000
20150921 1.000
20150922 1.000
20150923 0.723
20150924 1.000
20150925 1.000
20150926 1.000
20150927 1.000
20150928 1.000
20150929 1.000
20150930 1.000
20151001 1.000
20151002 1.000
20151003 1.000
20151004 1.000
20151005 1.000
20151006 0.997
20151007 1.000
20151008 1.000
20151009 1.000
20151010 1.000
20151011 1.000
20151012 1.000
20151013 1.000
20151014 1.000
20151015 1.000
20151016 1.000
20151017 1.000
20151018 1.000
20151019 0.957
20151020 0.953
20151021 1.000
20151022 1.000
20151023 1.000
20151024 1.000
20151025 1.000
20151026 1.000
20151027 1.000
20151028 1.000
20151029 1.000
20151030 1.000
20151031 1.000
20151101 1.000
20151102 1.000
20151103 1.000
20151104 0.428
20151105 0.000
20151106 0.000
20151107 0.000
20151108 0.000
20151109 0.103
20151110 0.000
20151111 0.000
20151112 0.000
20151113 0.075
20151114 1.000
20151115 1.000
20151116 0.960
20151117 0.716
20151118 1.000
20151119 1.000
20151120 1.000
20151121 1.000
20151122 1.000
20151123 1.000
20151124 1.000
20151125 1.000
20151126 1.000
20151127 1.000
20151128 1.000
20151129 1.000
20151130 1.000
20151201 1.000
20151202 1.000
20151203 1.000
20151204 1.000
20151205 1.000
20151206 1.000
20151207 1.000
20151208 1.000
20151209 1.000
20151210 1.000
20151211 0.801
20151212 0.285
20151213 0.550
20151214 0.055
20151215 0.000
20151216 0.000
20151217 0.000
20151218 0.000
20151219 0.000
20151220 0.000
20151221 0.000
20151222 0.000
20151223 0.000
20151224 0.000
20151225 0.000
20151226 0.000
20151227 0.000
20151228 0.000
20151229 0.000
20151230 0.000
20151231 0.000
20160101 0.000
20160102 0.000
20160103 0.000
20160104 0.000
20160105 0.000
20160106 0.000
20160107 0.000
20160108 0.000
20160109 0.000
20160110 0.000
20160111 0.000
20160112 0.000
20160113 0.000
20160114 0.000
20160115 0.000
20160116 0.000
20160117 0.000
20160118 0.000
20160119 0.000
20160120 0.000
20160121 0.000
20160122 0.000
20160123 0.000
20160124 0.000
20160125 0.000
20160126 0.000
20160127 0.000
20160128 0.000
20160129 0.000
20160130 0.000
20160131 0.000
20160201 0.000
20160202 0.000
20160203 0.000
20160204 0.000
20160205 0.000
20160206 0.000
20160207 0.000
20160208 0.000
20160209 0.000
20160210 0.445
20160211 1.000
20160212 1.000
20160213 1.000
20160214 1.000
20160215 0.436
20160216 0.465
20160217 1.000
20160218 1.000
20160219 1.000
20160220 1.000
20160221 1.000
20160222 1.000
20160223 1.000
20160224 1.000
20160225 1.000
20160226 1.000
20160227 1.000
20160228 1.000
20160229 1.000
20160301 1.000
20160302 1.000
20160303 1.000
20160304 1.000
20160305 1.000
20160306 1.000
20160307 1.000
20160308 1.000
20160309 1.000
20160310 0.976
20160311 1.000
20160312 1.000
20160313 1.000
20160314 1.000
20160315 1.000
20160316 0.682
20160317 1.000
20160318 1.000
20160319 1.000
20160320 1.000
20160321 1.000
20160322 1.000
20160323 1.000
20160324 0.854
20160325 0.000
20160326 0.000
20160327 0.000
20160328 0.000
20160329 0.000
20160330 0.000
20160331 0.000
20160401 0.000
20160402 0.000
20160403 0.000
20160404 0.000
20160405 0.000
20160406 0.000
20160407 0.581
20160408 0.346
20160409 0.000
20160410 0.000
20160411 0.556
20160412 0.108
20160413 1.000
20160414 1.000
20160415 1.000
20160416 0.675
20160417 0.000
20160418 0.000
20160419 0.000
20160420 0.000
20160421 0.000
20160422 0.055
20160423 1.000
20160424 1.000
20160425 0.665
20160426 0.179
20160427 1.000
20160428 1.000
20160429 0.232
20160430 0.175
20160501 1.000
20160502 1.000
20160503 1.000
20160504 1.000
20160505 1.000
20160506 0.402
20160507 1.000
20160508 1.000
20160509 1.000
20160510 1.000
20160511 1.000
20160512 0.864
20160513 0.870
20160514 1.000
20160515 1.000
20160516 1.000
20160517 1.000
20160518 1.000
20160519 1.000
20160520 1.000
20160521 1.000
20160522 1.000
20160523 1.000
20160524 1.000
20160525 1.000
20160526 1.000
20160527 1.000
20160528 1.000
20160529 1.000
20160530 1.000
20160531 1.000
20160601 1.000
20160602 1.000
20160603 1.000
20160604 1.000
20160605 1.000
20160606 1.000
20160607 1.000
20160608 1.000
20160609 1.000
20160610 0.761
20160611 0.879
20160612 1.000
20160613 1.000
20160614 1.000
20160615 1.000
20160616 1.000
20160617 1.000
20160618 1.000
20160619 1.000
20160620 1.000
20160621 1.000
20160622 1.000
20160623 1.000
20160624 0.800
20160625 0.904
20160626 0.531
20160627 0.986
20160628 1.000
20160629 1.000
20160630 0.873
20160701 0.809
20160702 1.000
20160703 1.000
20160704 1.000
20160705 1.000
20160706 0.982
20160707 0.837
20160708 1.000
20160709 1.000
20160710 1.000
20160711 1.000
20160712 1.000
20160713 1.000
20160714 1.000
20160715 1.000
20160716 1.000
20160717 1.000
20160718 1.000
20160719 0.990
20160720 1.000
20160721 1.000
20160722 1.000
20160723 1.000
20160724 1.000
20160725 1.000
20160726 0.080
20160727 0.000
20160728 0.000
20160729 0.000
20160730 0.000
20160731 0.049
20160801 1.000
20160802 1.000
20160803 1.000
20160804 1.000
20160805 1.000
20160806 1.000
20160807 1.000
20160808 1.000
20160809 1.000
20160810 1.000
20160811 1.000
20160812 1.000
20160813 1.000
20160814 1.000
20160815 0.918
20160816 1.000
20160817 1.000
20160818 1.000
20160819 1.000
20160820 0.633
20160821 0.826
20160822 0.000
20160823 0.000
20160824 0.176
20160825 1.000
20160826 1.000
20160827 1.000
20160828 1.000
20160829 1.000
20160830 1.000
20160831 1.000
20160901 1.000
20160902 1.000
20160903 1.000
20160904 1.000
20160905 0.987
20160906 0.961
20160907 1.000
20160908 1.000
20160909 1.000
20160910 0.539
20160911 0.000
20160912 0.661
20160913 1.000
20160914 1.000
20160915 1.000
20160916 1.000
20160917 0.584
20160918 1.000
20160919 1.000
20160920 1.000
20160921 1.000
20160922 1.000
20160923 1.000
20160924 0.288
20160925 0.981
20160926 1.000
20160927 1.000
20160928 1.000
20160929 1.000
20160930 1.000
20161001 1.000
20161002 1.000
20161003 0.282
20161004 0.000
20161005 0.000
20161006 0.000
20161007 0.000
20161008 0.751
20161009 1.000
20161010 1.000
20161011 1.000
20161012 0.956
20161013 1.000
20161014 1.000
20161015 1.000
20161016 0.931
20161017 1.000
20161018 1.000
20161019 1.000
20161020 1.000
20161021 1.000
20161022 1.000
20161023 1.000
20161024 1.000
20161025 1.000
20161026 1.000
20161027 0.684
20161028 0.000
20161029 0.000
20161030 0.000
20161031 0.000
20161101 0.000
20161102 0.000
20161103 0.400
20161104 0.921
20161105 1.000
20161106 1.000
20161107 0.671
20161108 0.636
20161109 1.000
20161110 0.761
20161111 1.000
20161112 1.000
20161113 1.000
20161114 1.000
20161115 1.000
20161116 1.000
20161117 0.760
20161118 0.755
20161119 1.000
20161120 1.000
20161121 1.000
20161122 1.000
20161123 1.000
20161124 0.999
20161125 0.877
20161126 0.453
20161127 1.000
20161128 1.000
20161129 1.000
20161130 1.000
20161201 1.000
20161202 1.000
20161203 1.000
20161204 1.000
20161205 0.667
20161206 0.000
20161207 0.000
20161208 0.000
20161209 0.000
20161210 0.000
20161211 0.000
20161212 0.000
20161213 0.000
20161214 0.000
20161215 0.000
20161216 0.000
20161217 0.000
20161218 0.000
20161219 0.000
20161220 0.000
20161221 0.000
20161222 0.000
20161223 0.000
20161224 0.000
20161225 0.000
20161226 0.000
20161227 0.000
20161228 0.000
20161229 0.000
20161230 0.000
20161231 0.000
20170101 0.000
20170102 0.000
20170103 0.000
20170104 0.000
20170105 0.000
20170106 0.000
20170107 0.000
20170108 0.000
20170109 0.000
20170110 0.000
20170111 0.000
20170112 0.000
20170113 0.000
20170114 0.000
20170115 0.000
20170116 0.000
20170117 0.000
20170118 0.000
20170119 0.000
20170120 0.000
20170121 0.000
20170122 0.000
20170123 0.000
20170124 0.000
20170125 0.000
20170126 0.000
20170127 0.000
20170128 0.000
20170129 0.000
20170130 0.000
20170131 0.000
20170201 0.000
20170202 0.000
20170203 0.000
20170204 0.000
20170205 0.000
20170206 0.000
20170207 0.000
20170208 0.000
20170209 0.000
20170210 0.000
20170211 0.000
20170212 0.000
20170213 0.000
20170214 0.000
20170215 0.000
20170216 0.000
20170217 0.000
20170218 0.000
20170219 0.000
20170220 0.000
20170221 0.000
20170222 0.000
20170223 0.000
20170224 0.000
20170225 0.000
20170226 0.000
20170227 0.000
20170228 0.000
20170301 0.000
20170302 0.000
20170303 0.000
20170304 0.000
20170305 0.000
20170306 0.000
20170307 0.000
20170308 0.000
20170309 0.000
20170310 0.000
20170311 0.000
20170312 0.000
20170313 0.000
20170314 0.000
20170315 0.000
20170316 0.000
20170317 0.000
20170318 0.000
20170319 0.000
20170320 0.000
20170321 0.000
20170322 0.421
20170323 0.670
20170324 0.498
20170325 1.000
20170326 1.000
20170327 0.974
20170328 1.000
20170329 1.000
20170330 1.000
20170331 1.000
20170401 1.000
20170402 1.000
20170403 1.000
20170404 1.000
20170405 1.000
20170406 1.000
20170407 1.000
20170408 1.000
20170409 1.000
20170410 0.983
20170411 1.000
20170412 0.944
20170413 1.000
20170414 1.000
20170415 1.000
20170416 1.000
20170417 1.000
20170418 1.000
20170419 1.000
20170420 0.768
20170421 0.974
20170422 1.000
20170423 1.000
20170424 1.000
20170425 1.000
20170426 1.000
20170427 1.000
20170428 0.430
20170429 0.000
20170430 0.000
20170501 0.000
20170502 0.000
20170503 0.225
20170504 0.000
20170505 0.000
20170506 0.000
20170507 0.042
20170508 0.749
20170509 0.214
20170510 0.306
20170511 0.000
20170512 0.149
20170513 0.000
20170514 0.000
20170515 0.595
20170516 0.000
20170517 0.203
20170518 0.931
20170519 0.000
20170520 0.112
20170521 0.000
20170522 0.000
20170523 0.552
20170524 0.343
20170525 0.495
20170526 0.994
20170527 1.000
20170528 1.000
20170529 0.420
20170530 0.583
20170531 1.000
20170601 0.763
20170602 0.270
20170603 0.321
20170604 0.874
20170605 1.000
20170606 0.565
20170607 0.000
20170608 0.000
20170609 0.197
20170610 0.000
20170611 0.000
20170612 0.618
20170613 1.000
20170614 1.000
20170615 1.000
20170616 1.000
20170617 1.000
20170618 1.000
20170619 1.000
20170620 1.000
20170621 1.000
20170622 1.000
20170623 1.000
20170624 1.000
20170625 1.000
20170626 1.000
20170627 1.000
20170628 1.000
20170629 1.000
20170630 0.293
20170701 0.000
20170702 0.000
20170703 0.651
20170704 1.000
20170705 1.000
20170706 1.000
20170707 0.604
20170708 0.000
20170709 0.233
20170710 0.125
20170711 0.628
20170712 1.000
20170713 1.000
20170714 1.000
20170715 1.000
20170716 1.000
20170717 0.867
20170718 1.000
20170719 1.000
20170720 1.000
20170721 1.000
20170722 1.000
20170723 1.000
20170724 0.291
20170725 0.000
20170726 0.636
20170727 1.000
20170728 1.000
20170729 1.000
20170730 1.000
20170731 1.000
20170801 1.000
20170802 0.823
20170803 0.999
20170804 1.000
20170805 1.000
20170806 1.000
20170807 1.000
20170808 1.000
20170809 1.000
20170810 1.000
20170811 0.476
20170812 0.977
20170813 1.000
20170814 1.000
20170815 1.000
20170816 1.000
20170817 1.000
20170818 1.000
20170819 1.000
20170820 1.000
20170821 1.000
20170822 1.000
20170823 1.000
20170824 1.000
20170825 1.000
20170826 1.000
20170827 1.000
20170828 1.000
20170829 1.000
20170830 1.000
20170831 1.000
20170901 1.000
20170902 1.000
20170903 1.000
20170904 0.740
20170905 1.000
20170906 1.000
20170907 1.000
20170908 1.000
20170909 1.000
20170910 1.000
20170911 1.000
20170912 1.000
20170913 0.481
20170914 0.000
20170915 0.000
20170916 0.000
20170917 0.000
20170918 0.293
20170919 1.000
20170920 0.850
20170921 0.582
20170922 0.788
20170923 0.485
20170924 1.000
20170925 1.000
20170926 1.000
20170927 1.000
20170928 1.000
20170929 1.000
20170930 1.000
20171001 1.000
20171002 1.000
20171003 1.000
20171004 1.000
20171005 1.000
20171006 1.000
20171007 1.000
20171008 1.000
20171009 1.000
20171010 1.000
20171011 1.000
20171012 0.746
20171013 0.452
20171014 1.000
20171015 1.000
20171016 1.000
20171017 1.000
20171018 1.000
20171019 1.000
20171020 1.000
20171021 1.000
20171022 1.000
20171023 1.000
20171024 1.000
20171025 1.000
20171026 0.939
20171027 1.000
20171028 1.000
20171029 0.877
20171030 1.000
20171031 1.000
20171101 0.575
20171102 1.000
20171103 1.000
20171104 1.000
20171105 1.000
20171106 1.000
20171107 1.000
20171108 1.000
20171109 1.000
20171110 1.000
20171111 1.000
20171112 1.000
20171113 1.000
20171114 1.000
20171115 1.000
20171116 1.000
20171117 1.000
20171118 1.000
20171119 1.000
20171120 1.000
20171121 1.000
20171122 1.000
20171123 1.000
20171124 1.000
20171125 1.000
20171126 0.709
20171127 0.000
20171128 0.000
20171129 0.000
20171130 0.000
20171201 0.000
20171202 0.000
20171203 0.000
20171204 0.673
20171205 1.000
20171206 0.134
20171207 0.000
20171208 0.000
20171209 0.000
20171210 0.000
20171211 0.000
20171212 0.000
20171213 0.000
20171214 0.000
20171215 0.000
20171216 0.000
20171217 0.000
20171218 0.000
20171219 0.000
20171220 0.000
20171221 0.000
20171222 0.000
20171223 0.000
20171224 0.000
20171225 0.000
20171226 0.000
20171227 0.000
20171228 0.000
20171229 0.000
20171230 0.000
20171231 0.000
20180101 0.000
20180102 0.000
20180103 0.000
20180104 0.000
20180105 0.000
20180106 0.000
20180107 0.000
20180108 0.000
20180109 0.000
20180110 0.000
20180111 0.000
20180112 0.000
20180113 0.000
20180114 0.000
20180115 0.000
20180116 0.000
20180117 0.000
20180118 0.000
20180119 0.000
20180120 0.000
20180121 0.000
20180122 0.381
20180123 0.000
20180124 0.000
20180125 0.554
20180126 1.000
20180127 1.000
20180128 1.000
20180129 1.000
20180130 1.000
20180131 1.000
20180201 1.000
20180202 0.396
20180203 0.000
20180204 0.000
20180205 0.248
20180206 1.000
20180207 1.000
20180208 0.398
20180209 0.000
20180210 0.000
20180211 0.000
20180212 0.000
20180213 0.000
20180214 0.000
20180215 0.000
20180216 0.000
20180217 0.000
20180218 0.000
20180219 0.000
20180220 0.000
20180221 0.000
20180222 0.000
20180223 0.000
20180224 0.000
20180225 0.000
20180226 0.000
20180227 0.000
20180228 0.000
20180301 0.009
20180302 0.586
20180303 1.000
20180304 1.000
20180305 1.000
20180306 1.000
20180307 1.000
20180308 1.000
20180309 1.000
20180310 1.000
20180311 1.000
20180312 0.992
20180313 0.944
20180314 1.000
20180315 1.000
20180316 0.958
20180317 1.000
20180318 1.000
20180319 1.000
20180320 1.000
20180321 0.861
20180322 1.000
20180323 1.000
20180324 1.000
20180325 1.000
20180326 0.799
20180327 1.000
20180328 1.000
20180329 1.000
20180330 1.000
20180331 1.000
20180401 1.000
20180402 1.000
20180403 1.000
20180404 1.000
20180405 1.000
20180406 0.987
20180407 1.000
20180408 1.000
20180409 1.000
20180410 0.992
20180411 1.000
20180412 1.000
20180413 0.666
20180414 1.000
20180415 1.000
20180416 1.000
20180417 1.000
20180418 1.000
20180419 1.000
20180420 1.000
20180421 1.000
20180422 1.000
20180423 0.311
20180424 0.292
20180425 1.000
20180426 0.825
20180427 1.000
20180428 1.000
20180429 1.000
20180430 1.000
20180501 1.000
20180502 1.000
20180503 1.000
20180504 1.000
20180505 1.000
20180506 0.875
20180507 1.000
20180508 0.990
20180509 1.000
20180510 1.000
20180511 1.000
20180512 1.000
20180513 1.000
20180514 1.000
20180515 1.000
20180516 1.000
20180517 1.000
20180518 1.000
20180519 1.000
20180520 1.000
20180521 1.000
20180522 1.000
20180523 1.000
20180524 1.000
20180525 1.000
20180526 1.000
20180527 1.000
20180528 1.000
20180529 1.000
20180530 1.000
20180531 1.000
20180601 1.000
20180602 1.000
20180603 1.000
20180604 1.000
20180605 1.000
20180606 1.000
20180607 1.000
20180608 1.000
20180609 1.000
20180610 1.000
20180611 1.000
20180612 0.298
20180613 0.000
20180614 0.000
20180615 0.000
20180616 0.000
20180617 0.000
20180618 0.458
20180619 0.619
20180620 1.000
20180621 1.000
20180622 1.000
20180623 1.000
20180624 1.000
20180625 1.000
20180626 1.000
20180627 1.000
20180628 1.000
20180629 1.000
20180630 0.843
20180701 1.000
20180702 1.000
20180703 1.000
20180704 1.000
20180705 1.000
20180706 1.000
20180707 1.000
20180708 1.000
20180709 1.000
20180710 1.000
20180711 1.000
20180712 0.994
20180713 1.000
20180714 1.000
20180715 1.000
20180716 1.000
20180717 1.000
20180718 1.000
20180719 1.000
20180720 1.000
20180721 1.000
20180722 1.000
20180723 0.287
20180724 0.000
20180725 0.000
20180726 0.000
20180727 0.000
20180728 0.647
20180729 1.000
20180730 1.000
20180731 1.000
20180801 1.000
20180802 1.000
20180803 1.000
20180804 1.000
20180805 1.000
20180806 1.000
20180807 1.000
20180808 1.000
20180809 1.000
20180810 1.000
20180811 1.000
20180812 1.000
20180813 1.000
20180814 1.000
20180815 1.000
20180816 1.000
20180817 1.000
20180818 1.000
20180819 1.000
20180820 1.000
20180821 1.000
20180822 1.000
20180823 1.000
20180824 1.000
20180825 1.000
20180826 1.000
20180827 1.000
20180828 1.000
20180829 1.000
20180830 1.000
20180831 1.000
20180901 1.000
20180902 1.000
20180903 1.000
20180904 1.000
20180905 1.000
20180906 1.000
20180907 1.000
20180908 1.000
20180909 1.000
20180910 1.000
20180911 1.000
20180912 0.308
20180913 0.000
20180914 0.000
20180915 0.000
20180916 0.000
20180917 0.629
20180918 1.000
20180919 1.000
20180920 1.000
20180921 0.961
20180922 1.000
20180923 1.000
20180924 1.000
20180925 1.000
20180926 1.000
20180927 1.000
20180928 1.000
20180929 0.815
20180930 1.000
20181001 1.000
20181002 1.000
20181003 1.000
20181004 1.000
20181005 0.394
20181006 0.299
20181007 0.992
20181008 1.000
20181009 1.000
20181010 1.000
20181011 1.000
20181012 1.000
20181013 1.000
20181014 1.000
20181015 1.000
20181016 1.000
20181017 1.000
20181018 1.000
20181019 1.000
20181020 1.000
20181021 1.000
20181022 1.000
20181023 1.000
20181024 0.272
20181025 0.000
20181026 0.240
20181027 0.000
20181028 0.000
20181029 0.000
20181030 0.000
20181031 0.539
20181101 1.000
20181102 1.000
20181103 1.000
20181104 1.000
20181105 1.000
20181106 1.000
20181107 1.000
20181108 1.000
20181109 1.000
20181110 1.000
20181111 1.000
20181112 1.000
20181113 1.000
20181114 1.000
20181115 1.000
20181116 1.000
20181117 1.000
20181118 1.000
20181119 1.000
20181120 1.000
20181121 1.000
20181122 1.000
20181123 1.000
20181124 1.000
20181125 1.000
20181126 1.000
20181127 0.529
20181128 0.996
20181129 1.000
20181130 1.000
20181201 1.000
20181202 0.741
20181203 0.613
20181204 0.000
20181205 0.534
20181206 0.899
20181207 1.000
20181208 0.773
20181209 0.000
20181210 0.000
20181211 0.000
20181212 0.000
20181213 0.000
20181214 0.000
20181215 0.000
20181216 0.000
20181217 0.000
20181218 0.000
20181219 0.000
20181220 0.000
20181221 0.000
20181222 0.000
20181223 0.000
20181224 0.000
20181225 0.000
20181226 0.000
20181227 0.000
20181228 0.000
20181229 0.000
20181230 0.000
20181231 0.000
20190101 0.000
20190102 0.000
20190103 0.000
20190104 0.000
20190105 0.000
20190106 0.000
20190107 0.000
20190108 0.000
20190109 0.000
20190110 0.000
20190111 0.000
20190112 0.000
20190113 0.000
20190114 0.000
20190115 0.000
20190116 0.000
20190117 0.000
20190118 0.000
20190119 0.000
20190120 0.000
20190121 0.000
20190122 0.000
20190123 0.000
20190124 0.000
20190125 0.000
20190126 0.000
20190127 0.000
20190128 0.000
20190129 0.000
20190130 0.000
20190131 0.000
20190201 0.000
20190202 0.000
20190203 0.000
20190204 0.000
20190205 0.000
20190206 0.000
20190207 0.000
20190208 0.000
20190209 0.000
20190210 0.000
20190211 0.000
20190212 0.000
20190213 0.000
20190214 0.000
20190215 0.000
20190216 0.000
20190217 0.000
20190218 0.000
20190219 0.000
20190220 0.000
20190221 0.000
20190222 0.000
20190223 0.000
20190224 0.000
20190225 0.000
20190226 0.000
20190227 0.000
20190228 0.000
20190301 0.000
20190302 0.000
20190303 0.000
20190304 0.000
20190305 0.000
20190306 0.000
20190307 0.000
20190308 0.000
20190309 0.000
20190310 0.000
20190311 0.000
20190312 0.000
20190313 0.000
20190314 0.000
20190315 0.000
20190316 0.000
20190317 0.000
20190318 0.000
20190319 0.000
20190320 0.484
20190321 1.000
20190322 1.000
20190323 1.000
20190324 1.000
20190325 1.000
20190326 0.992
20190327 1.000
20190328 1.000
20190329 1.000
20190330 1.000
20190331 1.000
20190401 0.391
20190402 0.000
20190403 0.000
20190404 0.000
20190405 0.000
20190406 0.000
20190407 0.000
20190408 0.000
20190409 0.000
20190410 0.000
20190411 0.000
20190412 0.000
20190413 0.000
20190414 0.000
20190415 0.000
20190416 0.000
20190417 0.000
20190418 0.000
20190419 0.000
20190420 0.000
20190421 0.000
20190422 0.000
20190423 0.000
20190424 0.000
20190425 0.000
20190426 0.000
20190427 0.000
20190428 0.000
20190429 0.000
20190430 0.000
20190501 0.000
20190502 0.000
20190503 0.000
20190504 0.000
20190505 0.000
20190506 0.000
20190507 0.000
20190508 0.000
20190509 0.000
20190510 0.000
20190511 0.000
20190512 0.000
20190513 0.000
20190514 0.000
20190515 0.000
20190516 0.000
20190517 0.000
20190518 0.000
20190519 0.000
20190520 0.000
20190521 0.000
20190522 0.000
20190523 0.000
20190524 0.000
20190525 0.000
20190526 0.000
20190527 0.000
20190528 0.000
20190529 0.000
20190530 0.000
20190531 0.000
20190601 0.000
20190602 0.000
20190603 0.000
20190604 0.000
20190605 0.000
20190606 0.000
20190607 0.000
20190608 0.000
20190609 0.000
20190610 0.000
20190611 0.000
20190612 0.000
20190613 0.000
20190614 0.000
20190615 0.000
20190616 0.000
20190617 0.000
20190618 0.000
20190619 0.000
20190620 0.000
20190621 0.000
20190622 0.000
20190623 0.000
20190624 0.000
20190625 0.000
20190626 0.000
20190627 0.000
20190628 0.000
20190629 0.000
20190630 0.000
20190701 0.000
20190702 0.000
20190703 0.000
20190704 0.000
20190705 0.000
20190706 0.000
20190707 0.000
20190708 0.000
20190709 0.000
20190710 0.000
20190711 0.000
20190712 0.000
20190713 0.000
20190714 0.000
20190715 0.000
20190716 0.000
20190717 0.000
20190718 0.000
20190719 0.000
20190720 0.000
20190721 0.000
20190722 0.000
20190723 0.000
20190724 0.000
20190725 0.000
20190726 0.000
20190727 0.000
20190728 0.000
20190729 0.000
20190730 0.243
20190731 1.000
20190801 1.000
20190802 1.000
20190803 1.000
20190804 0.698
20190805 0.000
20190806 0.000
20190807 0.000
20190808 0.000
20190809 0.000
20190810 0.000
20190811 0.000
20190812 0.000
20190813 0.000
20190814 0.000
20190815 0.000
20190816 0.000
20190817 0.000
20190818 0.000
20190819 0.000
20190820 0.000
20190821 0.000
20190822 0.000
20190823 0.000
20190824 0.000
20190825 0.000
20190826 0.000
20190827 0.000
20190828 0.000
20190829 0.000
20190830 0.000
20190831 0.000
20190901 0.000
20190902 0.000
20190903 0.000
20190904 0.000
20190905 0.000
20190906 0.000
20190907 0.000
20190908 0.000
20190909 0.000
20190910 0.000
20190911 0.000
20190912 0.000
20190913 0.000
20190914 0.000
20190915 0.000
20190916 0.000
20190917 0.000
20190918 0.539
20190919 1.000
20190920 1.000
20190921 1.000
20190922 1.000
20190923 1.000
20190924 1.000
20190925 1.000
20190926 1.000
20190927 1.000
20190928 1.000
20190929 1.000
20190930 1.000
20191001 0.767
20191002 0.000
20191003 0.000
20191004 0.000
20191005 0.000
20191006 0.000
20191007 0.000
20191008 0.000
20191009 0.000
20191010 0.000
20191011 0.000
20191012 0.000
20191013 0.000
20191014 0.000
20191015 0.000
20191016 0.000
20191017 0.486
20191018 0.524
20191019 0.000
20191020 0.000
20191021 0.000
20191022 0.000
20191023 0.000
20191024 0.000
20191025 0.000
20191026 0.000
20191027 0.000
20191028 0.000
20191029 0.000
20191030 0.000
20191031 0.000
20191101 0.000
20191102 0.000
20191103 0.000
20191104 0.000
20191105 0.000
20191106 0.000
20191107 0.000
20191108 0.000
20191109 0.000
20191110 0.000
20191111 0.000
20191112 0.000
20191113 0.000
20191114 0.000
20191115 0.000
20191116 0.000
20191117 0.000
20191118 0.000
20191119 0.000
20191120 0.000
20191121 0.000
20191122 0.000
20191123 0.000
20191124 0.000
20191125 0.000
20191126 0.000
20191127 0.000
20191128 0.000
20191129 0.000
20191130 0.000
20191201 0.000
20191202 0.000
20191203 0.000
20191204 0.000
20191205 0.000
20191206 0.000
20191207 0.000
20191208 0.000
20191209 0.000
20191210 0.000
20191211 0.000
20191212 0.000
20191213 0.000
20191214 0.000
20191215 0.000
20191216 0.000
20191217 0.000
20191218 0.000
20191219 0.000
20191220 0.000
20191221 0.000
20191222 0.000
20191223 0.000
20191224 0.000
20191225 0.000
20191226 0.000
20191227 0.000
20191228 0.000
20191229 0.000
20191230 0.000
20191231 0.000
20200101 0.000
20200102 0.000
20200103 0.000
20200104 0.000
20200105 0.000
20200106 0.000
20200107 0.000
20200108 0.000
20200109 0.000
20200110 0.000
20200111 0.000
20200112 0.000
20200113 0.000
20200114 0.000
20200115 0.000
20200116 0.000
20200117 0.000
20200118 0.000
20200119 0.000
20200120 0.387
20200121 1.000
20200122 1.000
20200123 1.000
20200124 0.347
20200125 0.000
20200126 0.000
20200127 0.000
20200128 0.000
20200129 0.000
20200130 0.000
20200131 0.000
20200201 0.000
20200202 0.000
20200203 0.000
20200204 0.000
20200205 0.000
20200206 0.000
20200207 0.000
20200208 0.000
20200209 0.000
20200210 0.000
20200211 0.000
20200212 0.000
20200213 0.000
20200214 0.000
20200215 0.000
20200216 0.000
20200217 0.000
20200218 0.591
20200219 1.000
20200220 1.000
20200221 0.409
20200222 0.000
20200223 0.000
20200224 0.000
20200225 0.000
20200226 0.000
20200227 0.000
20200228 0.000
20200229 0.000
20200301 0.000
20200302 0.000
20200303 0.000
20200304 0.000
20200305 0.000
20200306 0.000
20200307 0.000
20200308 0.000
20200309 0.000
20200310 0.000
20200311 0.000
20200312 0.000
20200313 0.000
20200314 0.000
20200315 0.000
20200316 0.000
20200317 0.000
20200318 0.000
20200319 0.000
20200320 0.000
20200321 0.000
20200322 0.000
20200323 0.000
20200324 0.000
20200325 0.000
20200326 0.000
20200327 0.000
20200328 0.000
20200329 0.000
20200330 0.000
20200331 0.000
20200401 0.000
20200402 0.000
20200403 0.000
20200404 0.000
20200405 0.000
20200406 0.000
20200407 0.000
20200408 0.000
20200409 0.000
20200410 0.000
20200411 0.000
20200412 0.000
20200413 0.000
20200414 0.000
20200415 0.000
20200416 0.000
20200417 0.000
20200418 0.000
20200419 0.000
20200420 0.000
20200421 0.000
20200422 0.000
20200423 0.000
20200424 0.000
20200425 0.000
20200426 0.000
20200427 0.000
20200428 0.000
20200429 0.000
20200430 0.000
20200501 0.000
20200502 0.000
20200503 0.000
20200504 0.000
20200505 0.000
20200506 0.000
20200507 0.000
20200508 0.000
20200509 0.000
20200510 0.000
20200511 0.000
20200512 0.000
20200513 0.000
20200514 0.000
20200515 0.000
20200516 0.000
20200517 0.000
20200518 0.000
20200519 0.000
20200520 0.000
20200521 0.000
20200522 0.000
20200523 0.000
20200524 0.000
20200525 0.000
20200526 0.000
20200527 0.000
20200528 0.000
20200529 0.000
20200530 0.000
20200531 0.000
20200601 0.000
20200602 0.000
20200603 0.000
20200604 0.000
20200605 0.000
20200606 0.000
20200607 0.000
20200608 0.000
20200609 0.000
20200610 0.000
20200611 0.000
20200612 0.000
20200613 0.000
20200614 0.000
20200615 0.000
20200616 0.000
20200617 0.000
20200618 0.000
20200619 0.000
20200620 0.000
20200621 0.000
20200622 0.000
20200623 0.000
20200624 0.000
20200625 0.000
20200626 0.000
20200627 0.000
20200628 0.000
20200629 0.000
20200630 0.000
20200701 0.000
20200702 0.000
20200703 0.000
20200704 0.000
20200705 0.000
20200706 0.000
20200707 0.000
20200708 0.000
20200709 0.000
20200710 0.000
20200711 0.000
20200712 0.000
20200713 0.000
20200714 0.000
20200715 0.076
20200716 0.469
20200717 0.839
20200718 0.000
20200719 0.000
20200720 0.000
20200721 0.000
20200722 0.000
20200723 0.000
20200724 0.000
20200725 0.000
20200726 0.000
20200727 0.000
20200728 0.000
20200729 0.000
20200730 0.000
20200731 0.000
20200801 0.000
20200802 0.000
20200803 0.000
20200804 0.000
20200805 0.000
20200806 0.000
20200807 0.000
20200808 0.000
20200809 0.000
20200810 0.000
20200811 0.000
20200812 0.000
20200813 0.000
20200814 0.000
20200815 0.000
20200816 0.000
20200817 0.000
20200818 0.000
20200819 0.000
20200820 0.000
20200821 0.000
20200822 0.000
20200823 0.000
20200824 0.000
20200825 0.000
20200826 0.000
20200827 0.000
20200828 0.000
20200829 0.000
20200830 0.000
20200831 0.421
20200901 0.907
20200902 1.000
20200903 0.682
20200904 0.000
20200905 0.000
20200906 0.000
20200907 0.000
20200908 0.000
20200909 0.000
20200910 0.000
20200911 0.000
20200912 0.000
20200913 0.000
20200914 0.000
20200915 0.000
20200916 0.000
20200917 0.000
20200918 0.000
20200919 0.000
20200920 0.000
20200921 0.000
20200922 0.000
20200923 0.000
20200924 0.000
20200925 0.000
20200926 0.000
20200927 0.000
20200928 0.000
20200929 0.000
20200930 0.000
20201001 0.000
20201002 0.000
20201003 0.000
20201004 0.000
20201005 0.000
20201006 0.000
20201007 0.000
20201008 0.000
20201009 0.000
20201010 0.000
20201011 0.000
20201012 0.000
20201013 0.000
20201014 0.000
20201015 0.000
20201016 0.000
20201017 0.000
20201018 0.000
20201019 0.000
20201020 0.000
20201021 0.000
20201022 0.000
20201023 0.000
20201024 0.000
20201025 0.000
20201026 0.000
20201027 0.000
20201028 0.000
20201029 0.000
20201030 0.000
20201031 0.000
20201101 0.000
20201102 0.000
20201103 0.000
20201104 0.000
20201105 0.000
20201106 0.000
20201107 0.000
20201108 0.000
20201109 0.000
20201110 0.000
20201111 0.000
20201112 0.000
20201113 0.000
20201114 0.000
20201115 0.000
20201116 0.000
20201117 0.285
20201118 1.000
20201119 1.000
20201120 0.624
20201121 0.000
20201122 0.000
20201123 0.000
20201124 0.000
20201125 0.000
20201126 0.000
20201127 0.000
20201128 0.000
20201129 0.000
20201130 0.000
20201201 0.000
20201202 0.000
20201203 0.000
20201204 0.000
20201205 0.000
20201206 0.000
20201207 0.000
20201208 0.000
20201209 0.000
20201210 0.000
20201211 0.000
20201212 0.000
20201213 0.000
20201214 0.000
20201215 0.000
20201216 0.000
20201217 0.000
20201218 0.000
20201219 0.000
20201220 0.000
20201221 0.000
20201222 0.000
20201223 0.000
20201224 0.000
20201225 0.000
20201226 0.000
20201227 0.000
20201228 0.000
20201229 0.000
20201230 0.000
20201231 0.000
20210101 0.000
20210102 0.000
20210103 0.000
20210104 0.000
20210105 0.000
20210106 0.000
20210107 0.000
20210108 0.000
20210109 0.000
20210110 0.000
20210111 0.000
20210112 0.000
20210113 0.000
20210114 0.000
20210115 0.000
20210116 0.000
20210117 0.000
20210118 0.000
20210119 0.000
20210120 0.000
20210121 0.000
20210122 0.000
20210123 0.000
20210124 0.000
20210125 0.000
20210126 0.000
20210127 0.000
20210128 0.000
20210129 0.000
20210130 0.000
20210131 0.000
20210201 0.000
20210202 0.000
20210203 0.000
20210204 0.000
20210205 0.000
20210206 0.000
20210207 0.000
20210208 0.000
20210209 0.000
20210210 0.000
20210211 0.000
20210212 0.000
20210213 0.000
20210214 0.000
20210215 0.000
20210216 0.000
20210217 0.000
20210218 0.000
20210219 0.000
20210220 0.000
20210221 0.000
20210222 0.000
20210223 0.000
20210224 0.000
20210225 0.000
20210226 0.000
20210227 0.000
20210228 0.000
20210301 0.000
20210302 0.000
20210303 0.000
20210304 0.000
20210305 0.000
20210306 0.000
20210307 0.000
20210308 0.000
20210309 0.000
20210310 0.000
20210311 0.000
20210312 0.000
20210313 0.000
20210314 0.000
20210315 0.000
20210316 0.000
20210317 0.000
20210318 0.000
20210319 0.000
20210320 0.000
20210321 0.000
20210322 0.000
20210323 0.000
20210324 0.000
20210325 0.000
20210326 0.000
20210327 0.000
20210328 0.000
20210329 0.000
20210330 0.000
20210331 0.000
20210401 0.000
20210402 0.000
20210403 0.000
20210404 0.000
20210405 0.000
20210406 0.000
20210407 0.000
20210408 0.000
20210409 0.000
20210410 0.000
20210411 0.000
20210412 0.000
20210413 0.000
20210414 0.000
20210415 0.000
20210416 0.000
20210417 0.000
20210418 0.000
20210419 0.000
20210420 0.000
20210421 0.000
20210422 0.000
20210423 0.000
20210424 0.000
20210425 0.000
20210426 0.000
20210427 0.000
20210428 0.000
20210429 0.000
20210430 0.000
20210501 0.000
20210502 0.000
20210503 0.000
20210504 0.000
20210505 0.000
20210506 0.000
20210507 0.000
20210508 0.000
20210509 0.000
20210510 0.000
20210511 0.000
20210512 0.000
20210513 0.000
20210514 0.000
20210515 0.000
20210516 0.000
20210517 0.000
20210518 0.000
20210519 0.000
20210520 0.000
20210521 0.000
20210522 0.000
20210523 0.000
20210524 0.000
20210525 0.000
20210526 0.000
20210527 0.000
20210528 0.000
20210529 0.000
20210530 0.000
20210531 0.000
20210601 0.000
20210602 0.000
20210603 0.000
20210604 0.000
20210605 0.000
20210606 0.000
20210607 0.000
20210608 0.000
20210609 0.000
20210610 0.000
20210611 0.000
20210612 0.000
20210613 0.000
20210614 0.000
20210615 0.000
20210616 0.000
20210617 0.000
20210618 0.000
20210619 0.000
20210620 0.000
20210621 0.000
20210622 0.000
20210623 0.000
20210624 0.000
20210625 0.000
20210626 0.000
20210627 0.000
20210628 0.000
20210629 0.000
20210630 0.000
20210701 0.000
20210702 0.000
20210703 0.000
20210704 0.000
20210705 0.000
20210706 0.000
20210707 0.000
20210708 0.000
20210709 0.000
20210710 0.000
20210711 0.000
20210712 0.000
20210713 0.000
20210714 0.000
20210715 0.000
20210716 0.321
20210717 1.000
20210718 1.000
20210719 1.000
20210720 1.000
20210721 1.000
20210722 1.000
20210723 1.000
20210724 1.000
20210725 1.000
20210726 0.596
20210727 1.000
20210728 1.000
20210729 1.000
20210730 1.000
20210731 1.000
20210801 1.000
20210802 1.000
20210803 1.000
20210804 1.000
20210805 0.970
20210806 1.000
20210807 1.000
20210808 1.000
20210809 1.000
20210810 1.000
20210811 1.000
20210812 1.000
20210813 0.666
20210814 0.000
20210815 0.000
20210816 0.000
20210817 0.000
20210818 0.000
20210819 0.000
20210820 0.000
20210821 0.000
20210822 0.000
20210823 0.000
20210824 0.000
20210825 0.000
20210826 0.000
20210827 0.000
20210828 0.000
20210829 0.000
20210830 0.000
20210831 0.000
20210901 0.000
20210902 0.000
20210903 0.000
20210904 0.000
20210905 0.000
20210906 0.000
20210907 0.000
20210908 0.000
20210909 0.000
20210910 0.000
20210911 0.000
20210912 0.000
20210913 0.000
20210914 0.000
20210915 0.000
20210916 0.000
20210917 0.000
20210918 0.000
20210919 0.000
20210920 0.000
20210921 0.000
20210922 0.000
20210923 0.000
20210924 0.000
20210925 0.000
20210926 0.000
20210927 0.000
20210928 0.000
20210929 0.000
20210930 0.000
20211001 0.000
20211002 0.000
20211003 0.000
20211004 0.000
20211005 0.000
20211006 0.000
20211007 0.000
20211008 0.000
20211009 0.000
20211010 0.000
20211011 0.000
20211012 0.605
20211013 1.000
20211014 1.000
20211015 1.000
20211016 1.000
20211017 1.000
20211018 1.000
20211019 1.000
20211020 1.000
20211021 1.000
20211022 1.000
20211023 1.000
20211024 1.000
20211025 1.000
20211026 1.000
20211027 0.974
20211028 1.000
20211029 1.000
20211030 1.000
20211031 1.000
20211101 0.741
20211102 0.000
20211103 0.000
20211104 0.000
20211105 0.000
20211106 0.000
20211107 0.000
20211108 0.000
20211109 0.000
20211110 0.000
20211111 0.000
20211112 0.000
20211113 0.000
20211114 0.000
20211115 0.000
20211116 0.000
20211117 0.000
20211118 0.000
20211119 0.000
20211120 0.000
20211121 0.000
20211122 0.000
20211123 0.000
20211124 0.000
20211125 0.000
20211126 0.000
20211127 0.000
20211128 0.000
20211129 0.000
20211130 0.000
20211201 0.000
20211202 0.000
20211203 0.000
20211204 0.000
20211205 0.000
20211206 0.000
20211207 0.000
20211208 0.000
20211209 0.000
20211210 0.000
20211211 0.000
20211212 0.000
20211213 0.000
20211214 0.000
20211215 0.000
20211216 0.000
20211217 0.000
20211218 0.000
20211219 0.000
20211220 0.000
20211221 0.000
20211222 0.000
20211223 0.000
20211224 0.000
20211225 0.000
20211226 0.000
20211227 0.000
20211228 0.000
20211229 0.000
20211230 0.000
20211231 0.000
20220101 0.000
20220102 0.000
20220103 0.000
20220104 0.000
20220105 0.000
20220106 0.000
20220107 0.000
20220108 0.000
20220109 0.000
20220110 0.000
20220111 0.000
20220112 0.000
20220113 0.000
20220114 0.000
20220115 0.000
20220116 0.000
20220117 0.000
20220118 0.000
20220119 0.000
20220120 0.000
20220121 0.000
20220122 0.000
20220123 0.000
20220124 0.000
20220125 0.000
20220126 0.000
20220127 0.000
20220128 0.000
20220129 0.000
20220130 0.000
20220131 0.000
20220201 0.000
20220202 0.000
20220203 0.000
20220204 0.000
20220205 0.000
20220206 0.000
20220207 0.000
20220208 0.000
20220209 0.000
20220210 0.000
20220211 0.000
20220212 0.000
20220213 0.000
20220214 0.000
20220215 0.000
20220216 0.000
20220217 0.000
20220218 0.000
20220219 0.000
20220220 0.000
20220221 0.000
20220222 0.000
20220223 0.000
20220224 0.000
20220225 0.000
20220226 0.000
20220227 0.000
20220228 0.000
20220301 0.000
20220302 0.000
20220303 0.000
20220304 0.000
20220305 0.000
20220306 0.000
20220307 0.000
20220308 0.000
20220309 0.294
20220310 1.000
20220311 1.000
20220312 1.000
20220313 1.000
20220314 1.000
20220315 1.000
20220316 1.000
20220317 1.000
20220318 1.000
20220319 1.000
20220320 1.000
20220321 1.000
20220322 0.596
20220323 0.575
20220324 0.980
20220325 0.490
20220326 1.000
20220327 1.000
20220328 1.000
20220329 1.000
20220330 1.000
20220331 1.000
20220401 1.000
20220402 1.000
20220403 1.000
20220404 1.000
20220405 1.000
20220406 1.000
20220407 1.000
20220408 1.000
20220409 1.000
20220410 1.000
20220411 1.000
20220412 1.000
20220413 1.000
20220414 1.000
20220415 1.000
20220416 1.000
20220417 1.000
20220418 1.000
20220419 1.000
20220420 1.000
20220421 1.000
20220422 1.000
20220423 1.000
20220424 1.000
20220425 1.000
20220426 0.901
20220427 1.000
20220428 1.000
20220429 1.000
20220430 1.000
20220501 1.000
20220502 1.000
20220503 1.000
20220504 1.000
20220505 1.000
20220506 1.000
20220507 1.000
20220508 1.000
20220509 1.000
20220510 0.685
20220511 0.000
20220512 0.000
20220513 0.000
20220514 0.000
20220515 0.000
20220516 0.561
20220517 1.000
20220518 1.000
20220519 1.000
20220520 1.000
20220521 1.000
20220522 1.000
20220523 1.000
20220524 1.000
20220525 1.000
20220526 1.000
20220527 1.000
20220528 1.000
20220529 1.000
20220530 1.000
20220531 1.000
20220601 1.000
20220602 1.000
20220603 1.000
20220604 1.000
20220605 1.000
20220606 1.000
20220607 1.000
20220608 0.964
20220609 1.000
20220610 1.000
20220611 1.000
20220612 1.000
20220613 1.000
20220614 0.867
20220615 0.000
20220616 0.000
20220617 0.000
20220618 0.000
20220619 0.000
20220620 0.000
20220621 0.000
20220622 0.000
20220623 0.000
20220624 0.000
20220625 0.000
20220626 0.000
20220627 0.000
20220628 0.000
20220629 0.000
20220630 0.000
20220701 0.000
20220702 0.000
20220703 0.000
20220704 0.436
20220705 1.000
20220706 1.000
20220707 1.000
20220708 1.000
20220709 1.000
20220710 1.000
20220711 1.000
20220712 1.000
20220713 0.742
20220714 1.000
20220715 1.000
20220716 1.000
20220717 1.000
20220718 1.000
20220719 1.000
20220720 1.000
20220721 1.000
20220722 1.000
20220723 1.000
20220724 1.000
20220725 1.000
20220726 1.000
20220727 1.000
20220728 1.000
20220729 1.000
20220730 1.000
20220731 1.000
20220801 1.000
20220802 1.000
20220803 1.000
20220804 1.000
20220805 1.000
20220806 1.000
20220807 1.000
20220808 1.000
20220809 1.000
20220810 1.000
20220811 1.000
20220812 1.000
20220813 1.000
20220814 1.000
20220815 1.000
20220816 1.000
20220817 1.000
20220818 1.000
20220819 1.000
20220820 1.000
20220821 1.000
20220822 1.000
20220823 1.000
20220824 1.000
20220825 1.000
20220826 1.000
20220827 1.000
20220828 1.000
20220829 1.000
20220830 0.674
20220831 0.000
20220901 0.000
20220902 0.000
20220903 0.000
20220904 0.000
20220905 0.000
20220906 0.000
20220907 0.000
20220908 0.000
20220909 0.000
20220910 0.000
20220911 0.000
20220912 0.000
20220913 0.000
20220914 0.377
20220915 1.000
20220916 1.000
20220917 1.000
20220918 1.000
20220919 1.000
20220920 1.000
20220921 1.000
20220922 1.000
20220923 1.000
20220924 1.000
20220925 1.000
20220926 1.000
20220927 1.000
20220928 1.000
20220929 1.000
20220930 1.000
20221001 1.000
20221002 1.000
20221003 1.000
20221004 1.000
20221005 1.000
20221006 1.000
20221007 1.000
20221008 1.000
20221009 1.000
20221010 1.000
20221011 1.000
20221012 1.000
20221013 1.000
20221014 1.000
20221015 1.000
20221016 1.000
20221017 0.317
20221018 0.000
20221019 0.647
20221020 1.000
20221021 1.000
20221022 1.000
20221023 1.000
20221024 1.000
20221025 0.913
20221026 1.000
20221027 1.000
20221028 1.000
20221029 1.000
20221030 1.000
20221031 1.000
20221101 1.000
20221102 1.000
20221103 1.000
20221104 1.000
20221105 0.776
20221106 0.000
20221107 0.000
20221108 0.000
20221109 0.635
20221110 1.000
20221111 1.000
20221112 1.000
20221113 1.000
20221114 1.000
20221115 1.000
20221116 1.000
20221117 1.000
20221118 1.000
20221119 1.000
20221120 1.000
20221121 1.000
20221122 0.209
20221123 0.579
20221124 1.000
20221125 1.000
20221126 1.000
20221127 1.000
20221128 0.905
20221129 0.000
